0.0
0.0
0.0009984970092773438
0.0
0.0
0.0
0.0
0.0
0.0
0.0
0.0
0.0009965896606445312
0.0
0.0
0.0
0.0
0.0
0.0
0.0009961128234863281
0.0
0.0
0.0
0.0
0.0
0.0
0.0
0.0
0.0
0.0
0.0009961128234863281
0.0
0.0
0.0
0.0
0.0
0.0
0.0
0.0009975433349609375
0.0
0.0
0.0
0.0
0.0
0.0
0.0
0.0009965896606445312
0.0
0.0009999275207519531
0.0
0.0
0.0
0.0
0.0
0.0009965896606445312
0.0
0.0
0.0
0.0010607242584228516
0.0
0.0
0.0
0.0
0.0
0.0
0.0
0.0
0.0
0.0
0.0009927749633789062
0.0
0.0
0.0
0.0
0.0
0.0
0.0009381771087646484
0.0
0.0
0.0
0.0
0.0
0.0
0.0009968280792236328
0.0
0.0
0.0
0.0
0.0
0.0009980201721191406
0.0
0.0
0.0
0.0
0.0
0.0
0.0
0.0
0.0
0.0009965896606445312
0.0
0.0
0.0
0.0
0.0010340213775634766
0.0
0.0
0.0009984970092773438
0.0
0.0
0.0
0.0
0.0
0.0
0.0
0.0
0.0
0.0
0.0
0.0
0.0
0.0
0.0
0.0
0.0
0.0
0.0
0.0
0.0
0.0
0.0010006427764892578
0.0
0.0
0.0
0.0
0.0
0.0
0.0
0.0
0.0009911060333251953
0.0
0.0
0.000997304916381836
0.0
0.0
0.0
0.0
0.0
0.0
0.000997304916381836
0.0
0.0
0.0009965896606445312
0.0
0.0
0.0
0.0
0.0
0.0
0.0
0.0
0.0
0.0
0.0
0.0009970664978027344
0.0
0.0
0.0
0.000997781753540039
0.0
0.0
0.0
0.0009975433349609375
0.0
0.0
0.0
0.0
0.000997781753540039
0.0
0.0
0.0
0.000995635986328125
0.0
0.0
0.0
0.0
0.0
0.0010380744934082031
0.0
0.0
0.0
0.0
0.0
0.0
0.0
0.0
0.0
0.0009927749633789062
0.0
0.0
0.0
0.0
0.0
0.0
0.0
0.0
0.0009999275207519531
0.0
0.0
0.0
0.0
0.0
0.0
0.0
0.0009987354278564453
0.0
0.0
0.0
0.0
0.0
0.0
0.0
0.0
0.0009984970092773438
0.0
0.001018524169921875
0.0
0.0
0.0
0.0
0.0
0.0
0.0
0.0
0.0
0.0
0.0
0.0
0.0
0.0
0.0
0.0
0.0
0.0010018348693847656
0.0
0.0
0.0
0.0
0.0
0.0
0.0
0.0
0.0
0.0
0.0
0.0
0.0009963512420654297
0.0
0.0
0.0
0.0
0.0
0.0
0.0
0.0010039806365966797
0.0
0.0
0.0
0.0
0.0
0.0
0.0
0.0010297298431396484
0.0
0.0
0.0
0.0
0.0
0.0
0.0
0.000993967056274414
0.0
0.0
0.0
0.0
0.0
0.0
0.0009980201721191406
0.0
0.0
0.0
0.0
0.0
0.0
0.0
0.0
0.0
0.0
0.0
0.0
0.0009942054748535156
0.0
0.0009982585906982422
0.0
0.0
0.0
0.0
0.0
0.0
0.0
0.0
0.0
0.001004934310913086
0.0
0.0
0.0
0.0
0.0
0.0009927749633789062
0.0
0.0
0.0
0.0
0.0
0.0
0.0009589195251464844
0.0009970664978027344
0.0
0.0
0.0
0.0
0.0
0.0
0.00103759765625
0.0
0.0
0.0
0.0
0.0
0.0009560585021972656
0.0
0.0
0.0
0.0
0.0
0.0
0.0
0.0010423660278320312
0.0
0.0
0.0
0.0
0.0
0.0009529590606689453
0.0
0.0
0.0
0.0
0.0
0.0
0.0
0.0009963512420654297
0.0
0.0
0.0
0.0
0.0
0.0
0.0
0.0
0.0
0.0
0.0
0.000997781753540039
0.0
0.0
0.0
0.0
0.0
0.0
0.0
0.0
0.0
0.0
0.000997781753540039
0.0
0.0
0.0
0.0
0.0
0.0009968280792236328
0.0
0.0
0.0
0.0
0.0
0.0
0.0
0.0
0.0
0.0
0.0
0.0
0.0
0.0
0.0
0.0
0.0010344982147216797
0.0
0.0
0.0
0.0
0.0
0.0
0.0
0.0009601116180419922
0.0
0.001043081283569336
0.0
0.0
0.0
0.0
0.0
0.0
0.0009875297546386719
0.0
0.0
0.0
0.0
0.0
0.0
0.000997304916381836
0.0
0.0
0.001003265380859375
0.0
0.0
0.0
0.0009903907775878906
0.0
0.0
0.0
0.0
0.0
0.0
0.0
0.0
0.0
0.0
0.0
0.0
0.0
0.0
0.0
0.0
0.0
0.000997304916381836
0.0
0.0
0.0
0.0
0.0
0.0
0.0
0.0009965896606445312
0.0
0.0
0.0
0.0009958744049072266
0.0
0.0
0.0
0.0
0.0
0.0009987354278564453
0.0
0.000995635986328125
0.0
0.0
0.0
0.0
0.0
0.0
0.0
0.0
0.0009629726409912109
0.0
0.0
0.0
0.0
0.0
0.0
0.0
0.0009980201721191406
0.0
0.0
0.0
0.0
0.0009982585906982422
0.0
0.0
0.0
0.0009975433349609375
0.0
0.0
0.0
0.0
0.0
0.0
0.0
0.0
0.0
0.000997304916381836
0.0
0.0
0.0
0.0
0.0009951591491699219
0.0
0.0010008811950683594
0.0
0.0
0.0
0.0009949207305908203
0.0
0.0
0.0
0.0
0.0
0.0010318756103515625
0.0
0.0
0.0
0.0
0.0
0.0
0.0
0.0
0.0
0.0
0.0
0.0
0.0
0.0
0.0
0.0
0.0
0.0
0.0
0.0
0.0
0.0
0.0
0.0
0.0009961128234863281
0.0
0.0
0.0
0.0
0.0
0.0
0.0010001659393310547
0.0
0.0
0.0
0.0
0.0
0.0
0.0
0.0
0.0
0.0
0.0
0.0
0.0009999275207519531
0.0
0.0
0.0
0.0
0.001033782958984375
0.0
0.0
0.0
0.0
0.0009593963623046875
0.0
0.0
0.0010306835174560547
0.0
0.0
0.0
0.0
0.0
0.0
0.0
0.0
0.0
0.0
0.0
0.0009958744049072266
0.0
0.0
0.0009663105010986328
0.0
0.0
0.0
0.0010371208190917969
0.0
0.0
0.0
0.0
0.0
0.0
0.0009918212890625
0.0
0.0
0.0
0.0
0.0
0.0009605884552001953
0.0
0.0
0.0
0.0
0.0
0.0010380744934082031
0.0
0.0009961128234863281
0.0
0.0
0.0
0.0009970664978027344
0.0
0.0
0.0
0.0
0.0
0.0
0.0
0.0
0.0009963512420654297
0.0
0.0
0.0
0.0
0.0
0.0
0.0
0.0009968280792236328
0.0
0.0
0.0
0.0
0.0010323524475097656
0.0
0.0
0.0
0.0
0.0009961128234863281
0.0
0.0
0.0
0.0
0.0
0.0
0.0009984970092773438
0.0
0.0
0.0
0.0
0.0
0.0
0.0
0.0
0.000997781753540039
0.0
0.0
0.0
0.0009632110595703125
0.0
0.0
0.0
0.0
0.001031637191772461
0.0
0.0
0.0
0.0
0.0
0.0
0.0
0.0009622573852539062
0.0
0.0
0.0
0.0
0.0
0.0
0.0
0.0
0.0
0.0
0.0
0.0
0.0
0.0
0.0
0.0009968280792236328
0.0
0.0
0.0
0.0
0.0
0.0
0.0
0.0
0.0
0.0
0.0
0.0
0.0
0.0
0.0
0.0
0.0009908676147460938
0.000997304916381836
0.0009980201721191406
0.0
0.0
0.0
0.0
0.0
0.0
0.0
0.0
0.0010313987731933594
0.0
0.0
0.0
0.0
0.0
0.0
0.0
0.0
0.0
0.0
0.0
0.0
0.0
0.0
0.0
0.0
0.0
0.0
0.0
0.0
0.0009968280792236328
0.0
0.0
0.0
0.0
0.0
0.0
0.0
0.0009987354278564453
0.0
0.0
0.0
0.0
0.0
0.0
0.0
0.0
0.000995635986328125
0.0
0.0009653568267822266
0.0009946823120117188
0.0
0.0
0.0
0.0
0.0010361671447753906
0.0
0.0
0.0
0.0
0.0
0.0
0.0
0.0
0.0
0.0
0.0
0.0010008811950683594
0.0
0.0
0.0
0.0
0.0
0.0
0.000990152359008789
0.0009613037109375
0.0
0.0
0.0
0.0
0.0
0.0
0.0010247230529785156
0.0
0.0
0.0
0.0
0.0
0.0
0.0
0.0
0.0
0.0
0.0
0.001004934310913086
0.0
0.0
0.0
0.0
0.0
0.0
0.0
0.0
0.0
0.0
0.0
0.0
0.0
0.0
0.0
0.0
0.0009975433349609375
0.0
0.0
0.0
0.0
0.0
0.0
0.0
0.0
0.0
0.0
0.0
0.0
0.0
0.0
0.0
0.0010213851928710938
0.0
0.0
0.0
0.0
0.0
0.0
0.0
0.0
0.0
0.0
0.0
0.0
0.0
0.0
0.0
0.0009965896606445312
0.0
0.0
0.0
0.0009646415710449219
0.0
0.0
0.0009963512420654297
0.0
0.0
0.0
0.0
0.0
0.0
0.0
0.0
0.0009989738464355469
0.0
0.0
0.0
0.0
0.0
0.0
0.0
0.0
0.0
0.0
0.0
0.0
0.0
0.0
0.0010280609130859375
0.0
0.0
0.0
0.000995635986328125
0.0
0.0
0.0
0.0
0.0
0.0
0.0
0.0
0.0
0.0
0.0009982585906982422
0.0
0.0
0.0
0.0
0.0
0.0
0.0
0.0
0.0
0.0
0.0
0.0
0.0
0.0
0.0
0.0010273456573486328
0.0
0.0
0.0
0.0
0.0
0.0
0.0
0.0
0.0010006427764892578
0.0
0.0
0.0009963512420654297
0.0
0.0
0.0
0.0
0.0
0.0
0.0
0.0
0.000997781753540039
0.0
0.0
0.0
0.001050710678100586
0.0
0.0
0.0
0.0
0.0
0.0009431838989257812
0.0
0.0010373592376708984
0.0
0.0
0.0
0.0009925365447998047
0.0
0.0
0.0009961128234863281
0.0
0.0
0.0
0.0
0.0
0.0
0.0009984970092773438
0.0
0.0
0.0
0.0009965896606445312
0.0
0.0
0.0
0.0
0.0
0.0
0.0
0.0
0.0
0.0
0.001033782958984375
0.0
0.0
0.0
0.0
0.0009586811065673828
0.0
0.0
Average time: 0.00019875431060791015 Seconds             Total time: 0.19875431060791016 Seconds
