0.0010380744934082031
0.0
0.0009951591491699219
0.0019562244415283203
0.0
0.001033782958984375
0.0069463253021240234
0.006982088088989258
0.0009949207305908203
0.0029952526092529297
0.0029823780059814453
0.0
0.001001596450805664
0.002988100051879883
0.0009958744049072266
0.007978200912475586
0.0009984970092773438
0.0009970664978027344
0.011971712112426758
0.0
0.0019905567169189453
0.008975982666015625
0.0009996891021728516
0.001993894577026367
0.0
0.001054525375366211
0.0
0.000997304916381836
0.0009949207305908203
0.0039348602294921875
0.004003047943115234
0.002985715866088867
0.0019910335540771484
0.00698089599609375
0.0
0.0070323944091796875
0.0009996891021728516
0.0
0.0069239139556884766
0.0010516643524169922
0.0009970664978027344
0.004935503005981445
0.002990245819091797
0.001993894577026367
0.001995563507080078
0.01595759391784668
0.003988504409790039
0.0029938220977783203
0.0
0.009970664978027344
0.004027605056762695
0.01996636390686035
0.000997304916381836
0.0009970664978027344
0.00398564338684082
0.0020017623901367188
0.0009369850158691406
0.007977485656738281
0.001996278762817383
0.0
0.0020248889923095703
0.008977413177490234
0.0
0.0009970664978027344
0.0019969940185546875
0.00797724723815918
0.022954702377319336
0.003021240234375
0.0
0.010924339294433594
0.0
0.0
0.011993885040283203
0.007978439331054688
0.0019817352294921875
0.009965181350708008
0.002989530563354492
0.0019998550415039062
0.0
0.000997304916381836
0.0
0.013923168182373047
0.005023956298828125
0.000997781753540039
0.0009601116180419922
0.0030298233032226562
0.0029926300048828125
0.0009596347808837891
0.0
0.0
0.00601959228515625
0.010933399200439453
0.01595759391784668
0.018217802047729492
0.0019948482513427734
0.0009970664978027344
0.0009999275207519531
0.0019974708557128906
0.0039844512939453125
0.0009982585906982422
0.009936094284057617
0.005984306335449219
0.0
0.016015291213989258
0.0
0.0
0.0009398460388183594
0.00801539421081543
0.0010411739349365234
0.0029866695404052734
0.0009942054748535156
0.007977485656738281
0.006985187530517578
0.005980253219604492
0.031920433044433594
0.0029861927032470703
0.025931835174560547
0.003988027572631836
0.0019948482513427734
0.0
0.0009975433349609375
0.002992391586303711
0.011969804763793945
0.001994609832763672
0.000995635986328125
0.010010480880737305
0.004950523376464844
0.0019998550415039062
0.0029993057250976562
0.0009875297546386719
0.0010120868682861328
0.004007577896118164
0.0010008811950683594
0.0
0.0019915103912353516
0.0
0.00897836685180664
0.0019600391387939453
0.0009946823120117188
0.001032114028930664
0.0
0.008979320526123047
0.011965274810791016
0.0029976367950439453
0.001989126205444336
0.006026744842529297
0.0
0.000997781753540039
0.0
0.0019884109497070312
0.006002902984619141
0.009972572326660156
0.0029370784759521484
0.001994609832763672
0.0040073394775390625
0.005965471267700195
0.01595783233642578
0.0019941329956054688
0.000997304916381836
0.008016824722290039
0.0009596347808837891
0.0
0.000997304916381836
0.013009309768676758
0.008931636810302734
0.003989219665527344
0.004988431930541992
0.01595592498779297
0.013962745666503906
0.0
0.001996278762817383
0.0029916763305664062
0.005983591079711914
0.0
0.004986763000488281
0.006981849670410156
0.0020303726196289062
0.0059854984283447266
0.006945371627807617
0.001993417739868164
0.0069811344146728516
0.001995086669921875
0.0019943714141845703
0.001995086669921875
0.0019943714141845703
0.001994609832763672
0.02293848991394043
0.004987239837646484
0.007976770401000977
0.001994609832763672
0.005023479461669922
0.0
0.0019979476928710938
0.0009944438934326172
0.0
0.017916440963745117
0.0029916763305664062
0.006981849670410156
0.0
0.001994609832763672
0.0009965896606445312
0.002994537353515625
0.0
0.0009965896606445312
0.0
0.00997781753540039
0.004981517791748047
0.004988193511962891
0.004042625427246094
0.0009975433349609375
0.0
0.00393366813659668
0.0009980201721191406
0.004044532775878906
0.0009958744049072266
0.0019407272338867188
0.008033514022827148
0.009918689727783203
0.001996755599975586
0.0009958744049072266
0.0
0.0
0.01994633674621582
0.030917644500732422
0.003989458084106445
0.0029914379119873047
0.003989696502685547
0.0009970664978027344
0.003989219665527344
0.0009970664978027344
0.0
0.0009975433349609375
0.010985851287841797
0.0009913444519042969
0.0
0.016945362091064453
0.02197432518005371
0.012966394424438477
0.0
0.0009982585906982422
0.0009965896606445312
0.002992868423461914
0.0009975433349609375
0.0020017623901367188
0.0029854774475097656
0.0029926300048828125
0.0009980201721191406
0.005982160568237305
0.00897836685180664
0.0009968280792236328
0.008938789367675781
0.0010445117950439453
0.002980947494506836
0.004950046539306641
0.0010352134704589844
0.0009958744049072266
0.006945610046386719
0.001994609832763672
0.004045248031616211
0.0020194053649902344
0.0019669532775878906
0.0029921531677246094
0.0019812583923339844
0.000957489013671875
0.006041526794433594
0.02094292640686035
0.005927085876464844
0.0010552406311035156
0.0
0.0009794235229492188
0.002012968063354492
0.0
0.009915590286254883
0.01100921630859375
0.0019559860229492188
0.007977962493896484
0.0
0.002991914749145508
0.004992961883544922
0.0
0.0020101070404052734
0.007887840270996094
0.013020515441894531
0.0019371509552001953
0.0040209293365478516
0.00399327278137207
0.0009944438934326172
0.010975837707519531
0.004982471466064453
0.001992940902709961
0.0
0.009977102279663086
0.0
0.0
0.010970354080200195
0.0009970664978027344
0.0009925365447998047
0.0019598007202148438
0.0
0.005022764205932617
0.0010509490966796875
0.011004924774169922
0.003994464874267578
0.003981590270996094
0.0009629726409912109
0.0
0.001996755599975586
0.000995635986328125
0.0010328292846679688
0.0049896240234375
0.0009953975677490234
0.018944978713989258
0.002959728240966797
0.021559715270996094
0.0069468021392822266
0.0
0.0
0.0010330677032470703
0.0
0.0009975433349609375
0.0019583702087402344
0.014994382858276367
0.0
0.0029897689819335938
0.0
0.0
0.0020296573638916016
0.017917156219482422
0.0010349750518798828
0.0019927024841308594
0.0
0.001997232437133789
0.005982398986816406
0.003999233245849609
0.0009877681732177734
0.000997781753540039
0.012960433959960938
0.0009996891021728516
0.000997304916381836
0.0039882659912109375
0.0
0.0029897689819335938
0.0039920806884765625
0.000997781753540039
0.0050373077392578125
0.009932279586791992
0.0010221004486083984
0.0029904842376708984
0.008981943130493164
0.007980108261108398
0.0139617919921875
0.0009949207305908203
0.008008241653442383
0.0009703636169433594
0.0019922256469726562
0.0
0.004954814910888672
0.0
0.0039882659912109375
0.0009987354278564453
0.0010251998901367188
0.0029637813568115234
0.0069811344146728516
0.0019936561584472656
0.0
0.0010576248168945312
0.001965761184692383
0.0
0.000993967056274414
0.002992391586303711
0.0009949207305908203
0.0009970664978027344
0.0009725093841552734
0.002991199493408203
0.003989696502685547
0.0029921531677246094
0.0020232200622558594
0.0
0.0020020008087158203
0.0009946823120117188
0.031882286071777344
0.003989696502685547
0.0019927024841308594
0.000997781753540039
0.005984067916870117
0.002993345260620117
0.005985736846923828
0.0029909610748291016
0.0009970664978027344
0.005984306335449219
0.0029914379119873047
0.002991914749145508
0.0009982585906982422
0.015957117080688477
0.003987789154052734
0.0009965896606445312
0.000997304916381836
0.0009984970092773438
0.0049860477447509766
0.001993894577026367
0.005984306335449219
0.007984161376953125
0.004014492034912109
0.0010001659393310547
0.0
0.002990245819091797
0.004990100860595703
0.0
0.009937524795532227
0.0020329952239990234
0.00399017333984375
0.0
0.004984617233276367
0.0029532909393310547
0.004027366638183594
0.030918121337890625
0.002001523971557617
0.0035858154296875
0.007008552551269531
0.0009603500366210938
0.0
0.0010340213775634766
0.00698399543762207
0.0
0.001992464065551758
0.002044200897216797
0.0
0.0
0.0009469985961914062
0.0039904117584228516
0.02796339988708496
0.003988027572631836
0.0
0.0009968280792236328
0.0
0.003987789154052734
0.003954172134399414
0.005983114242553711
0.000997304916381836
0.0
0.006986856460571289
0.0009975433349609375
0.012997150421142578
0.049529314041137695
0.017951488494873047
0.0009970664978027344
0.0019943714141845703
0.00498652458190918
0.0019948482513427734
0.0009980201721191406
0.00103759765625
0.001990795135498047
0.0069506168365478516
0.0010042190551757812
0.0009849071502685547
0.0010340213775634766
0.0
0.0029947757720947266
0.0019927024841308594
0.002955913543701172
0.012006521224975586
0.0069828033447265625
0.007974386215209961
0.0
0.0009963512420654297
0.0
0.006004810333251953
0.007926702499389648
0.0009963512420654297
0.01695561408996582
0.0
0.007013797760009766
0.0029900074005126953
0.008982658386230469
0.010929346084594727
0.0009963512420654297
0.002994537353515625
0.005020856857299805
0.0
0.00798344612121582
0.001954317092895508
0.0009975433349609375
0.0
0.0029914379119873047
0.005002021789550781
0.027912616729736328
0.0
0.006980180740356445
0.0069849491119384766
0.020943403244018555
0.010987520217895508
0.012898445129394531
0.00099945068359375
0.008973836898803711
0.0029892921447753906
0.016957521438598633
0.010983467102050781
0.003973484039306641
0.003989219665527344
0.001996278762817383
0.0029909610748291016
0.00698399543762207
0.0059888362884521484
0.0069730281829833984
0.0009970664978027344
0.00399327278137207
0.0010006427764892578
0.003983020782470703
0.0009980201721191406
0.0
0.001992940902709961
0.001995086669921875
0.0019943714141845703
0.004987001419067383
0.0
0.005983591079711914
0.013963937759399414
0.0009963512420654297
0.0
0.0019941329956054688
0.0
0.0
0.003990650177001953
0.0019936561584472656
0.0019969940185546875
0.002991914749145508
0.00698089599609375
0.003995418548583984
0.005986928939819336
0.000997304916381836
0.01695394515991211
0.002984285354614258
0.0
0.0
0.025934457778930664
0.00199127197265625
0.0009970664978027344
0.0029904842376708984
0.0
0.0
0.0
0.004987239837646484
0.0
0.0
0.005983829498291016
0.004987239837646484
0.003988742828369141
0.0
0.006988048553466797
0.018944263458251953
0.003988504409790039
0.0009961128234863281
0.0019943714141845703
0.0029916763305664062
0.005985260009765625
0.005016803741455078
0.003993511199951172
0.0009949207305908203
0.017919301986694336
0.0029921531677246094
0.0
0.0029938220977783203
0.002990245819091797
0.0
0.004991054534912109
0.02200460433959961
0.014896154403686523
0.0029876232147216797
0.0009980201721191406
0.002031087875366211
0.01691913604736328
0.0
0.0
0.0030298233032226562
0.01093149185180664
0.0
0.0019943714141845703
0.0030279159545898438
0.0169222354888916
0.029952526092529297
0.005983114242553711
0.0059490203857421875
0.0
0.003030061721801758
0.0009944438934326172
0.0009610652923583984
0.0010273456573486328
0.0010035037994384766
0.001998424530029297
0.0009963512420654297
0.003950357437133789
0.0030319690704345703
0.0029554367065429688
0.0059816837310791016
0.00598454475402832
0.00797891616821289
0.0
0.003027677536010742
0.003988027572631836
0.0029609203338623047
0.0009975433349609375
0.0
0.002036571502685547
0.002988576889038086
0.0019941329956054688
0.0019922256469726562
0.004958152770996094
0.0
0.00800943374633789
0.0
0.005946636199951172
0.0020051002502441406
0.0
0.0009865760803222656
0.005040407180786133
0.005929470062255859
0.0
0.000997781753540039
0.0
0.0039899349212646484
0.0030019283294677734
0.0009870529174804688
0.013962984085083008
0.001996278762817383
0.0009989738464355469
0.0039904117584228516
0.008975505828857422
0.008017539978027344
0.0019903182983398438
0.003955364227294922
0.0009987354278564453
0.0029904842376708984
0.0030367374420166016
0.006972551345825195
0.0030052661895751953
0.0
0.0049397945404052734
0.003986358642578125
0.0
0.0
0.007985115051269531
0.0029866695404052734
0.0010344982147216797
0.0029540061950683594
0.0
0.0
0.0
0.0019941329956054688
0.0020308494567871094
0.0009968280792236328
0.0049648284912109375
0.0009856224060058594
0.0
0.004025936126708984
0.00494837760925293
0.0010335445404052734
0.0
0.0
0.0
0.001995086669921875
0.0
0.0049495697021484375
0.006017923355102539
0.0019621849060058594
0.011013269424438477
0.0
0.0
0.0019884109497070312
0.0
0.006988525390625
0.0029497146606445312
0.009594440460205078
0.002000570297241211
0.002986907958984375
0.030880212783813477
0.012002229690551758
0.0019948482513427734
0.003987789154052734
0.002993345260620117
0.0019578933715820312
0.0
0.008976221084594727
0.00101470947265625
0.002981424331665039
0.003029346466064453
0.01591658592224121
0.023969650268554688
0.014931917190551758
0.005016326904296875
0.0009961128234863281
0.001994609832763672
0.007977962493896484
0.001996755599975586
0.0
0.0
0.0
0.003950834274291992
0.001994609832763672
0.007979154586791992
0.0009970664978027344
0.0010540485382080078
0.0019948482513427734
0.009952783584594727
0.012928009033203125
0.003032684326171875
0.0009951591491699219
0.001992464065551758
0.011651039123535156
0.001995086669921875
0.0
0.001956462860107422
0.00502467155456543
0.0009984970092773438
0.0049822330474853516
0.000997304916381836
0.0010001659393310547
0.01592111587524414
0.001058816909790039
0.0
0.0040378570556640625
0.0049896240234375
0.002988100051879883
0.013968706130981445
0.0009949207305908203
0.0009996891021728516
0.0069272518157958984
0.008970022201538086
0.004990577697753906
0.0059814453125
0.003988027572631836
0.001995086669921875
0.0009968280792236328
0.002992868423461914
0.001993894577026367
0.001995086669921875
0.007978200912475586
0.0
0.02293872833251953
0.00698089599609375
0.0039899349212646484
0.0
0.012964725494384766
0.019984006881713867
0.007942438125610352
0.0
0.0029914379119873047
0.001996755599975586
0.0
0.012030839920043945
0.0019466876983642578
0.000993967056274414
0.0009970664978027344
0.014963626861572266
0.0009953975677490234
0.0009953975677490234
0.003991842269897461
0.0
0.0019922256469726562
0.0
0.002991914749145508
0.005020618438720703
0.0069484710693359375
0.001032114028930664
0.006955623626708984
0.0009887218475341797
0.0020301342010498047
0.032876014709472656
0.0010023117065429688
0.0009915828704833984
0.00499272346496582
0.003989219665527344
0.0
0.0
0.0009968280792236328
0.003989696502685547
0.0
0.007978677749633789
0.002996206283569336
0.0049822330474853516
0.0029921531677246094
0.0
0.0019943714141845703
0.000997781753540039
0.002001523971557617
0.0029997825622558594
0.01794123649597168
0.0010366439819335938
0.004944801330566406
0.003030061721801758
0.0029859542846679688
0.002958536148071289
0.000997304916381836
0.003031015396118164
0.0
0.0009958744049072266
0.0019578933715820312
0.0
0.0010347366333007812
0.0009598731994628906
0.009974241256713867
0.011482477188110352
0.001958608627319336
0.0020341873168945312
0.0
0.0009999275207519531
0.02094268798828125
0.0029892921447753906
0.0
0.000995635986328125
0.005984306335449219
0.0019948482513427734
0.0
0.0
0.0019953250885009766
0.0
0.000997304916381836
0.0010046958923339844
0.012957572937011719
0.06707239151000977
0.0029768943786621094
0.0
0.005982875823974609
0.0029573440551757812
0.005022287368774414
0.00897526741027832
0.003953695297241211
0.0049877166748046875
0.0029914379119873047
0.0009975433349609375
0.0019943714141845703
0.001996755599975586
0.009974479675292969
0.0050237178802490234
0.0019905567169189453
0.0069921016693115234
0.001987457275390625
0.001990079879760742
0.0010013580322265625
0.0
0.01218104362487793
0.0
0.012964963912963867
0.0029914379119873047
0.0009975433349609375
0.013964653015136719
0.0029914379119873047
0.001994609832763672
0.0
0.0
0.0
0.014998435974121094
0.00398707389831543
0.011933326721191406
0.007976770401000977
0.0029976367950439453
0.0009975433349609375
0.006976604461669922
0.010484933853149414
0.011969327926635742
0.0029914379119873047
0.007979154586791992
0.004985809326171875
0.0009963512420654297
0.015960216522216797
0.002989530563354492
0.0009975433349609375
0.0009963512420654297
0.0029954910278320312
0.0019958019256591797
0.000997781753540039
0.0020265579223632812
0.0029990673065185547
0.0
0.0009565353393554688
0.001995563507080078
0.0059893131256103516
0.003977775573730469
0.0019941329956054688
0.000997304916381836
0.005986213684082031
0.00498652458190918
0.029920101165771484
0.0019958019256591797
0.006978034973144531
0.0
0.0019943714141845703
0.0019965171813964844
0.003990888595581055
0.012006282806396484
0.0009949207305908203
0.029920578002929688
0.001993894577026367
0.0
0.0009961128234863281
0.0059833526611328125
0.003953456878662109
0.0
0.0010340213775634766
0.0009982585906982422
0.0019936561584472656
0.013963699340820312
0.032912254333496094
0.0
0.008984804153442383
0.0009508132934570312
0.0010335445404052734
0.0
0.0
0.003990888595581055
0.011964797973632812
0.00798487663269043
0.0009927749633789062
0.00299835205078125
0.0
0.003982067108154297
0.0
0.002992391586303711
0.0009989738464355469
0.0009598731994628906
0.00901174545288086
0.0009996891021728516
0.0
0.002990245819091797
0.0009975433349609375
0.0009987354278564453
0.0009589195251464844
0.0010330677032470703
0.008952856063842773
0.004975080490112305
0.0029916763305664062
0.0
0.003989219665527344
0.01601719856262207
0.019944429397583008
0.0
0.009973526000976562
0.010969400405883789
0.010971307754516602
0.0019948482513427734
0.0009953975677490234
0.0009644031524658203
0.002032041549682617
0.005982398986816406
0.002989530563354492
0.0009415149688720703
0.0010559558868408203
0.005984306335449219
0.01396322250366211
0.022877931594848633
0.000997304916381836
0.0
0.001058340072631836
0.0
0.01693582534790039
0.008936405181884766
0.0
0.0049855709075927734
0.0
0.0
0.009973287582397461
0.0029926300048828125
0.012964725494384766
0.008975744247436523
0.000997781753540039
0.0050427913665771484
0.003987789154052734
0.0
0.004985332489013672
0.0009436607360839844
0.0060384273529052734
0.0
0.005987644195556641
0.00099945068359375
0.026871442794799805
0.0019915103912353516
0.0009961128234863281
0.002992868423461914
0.002004861831665039
0.0010235309600830078
0.0019576549530029297
0.0030303001403808594
0.004995584487915039
0.007990837097167969
0.0
0.018947124481201172
0.000997304916381836
0.0009996891021728516
0.0019931793212890625
0.003987789154052734
0.004930257797241211
0.0060405731201171875
0.05180692672729492
0.006994009017944336
0.01793837547302246
0.0
0.0
0.0019927024841308594
0.0
0.0019948482513427734
0.0
Average time: 0.004519862413406372 Seconds             Total time: 4.519862413406372 Seconds
