0.0
0.0
0.001001119613647461
0.0
0.0
0.0
0.0
0.0
0.0
0.0
0.0
0.0
0.0009999275207519531
0.0
0.0
0.0009937286376953125
0.0
0.0
0.000997781753540039
0.0
0.0
0.0
0.0
0.0
0.0009970664978027344
0.0
0.0009963512420654297
0.0
0.0
0.0
0.0
0.0
0.0
0.0
0.0
0.0
0.0
0.0
0.0010170936584472656
0.0
0.0020122528076171875
0.0
0.0
0.0009984970092773438
0.0
0.0009996891021728516
0.0
0.0
0.0
0.0009617805480957031
0.0
0.0
0.0
0.0009915828704833984
0.0
0.0
0.0
0.0019948482513427734
0.0
0.0
0.0
0.0
0.0
0.0
0.0
0.0
0.0010013580322265625
0.0
0.0
0.0
0.0
0.0
0.0
0.0
0.0010373592376708984
0.0
0.0
0.0
0.0009968280792236328
0.0
0.0
0.0
0.0
0.0
0.0009992122650146484
0.0
0.0
0.0
0.0
0.0
0.0
0.0009965896606445312
0.0
0.0
0.0
0.0009965896606445312
0.0
0.0
0.0
0.0
0.0
0.0
0.0
0.0
0.0
0.0
0.0
0.0
0.0
0.0
0.0
0.0
0.0
0.0
0.0
0.001055002212524414
0.0
0.0
0.0
0.0
0.0
0.0
0.0
0.0
0.0
0.0
0.0
0.0
0.0
0.0
0.0
0.0
0.0
0.0009949207305908203
0.0
0.0
0.0010013580322265625
0.0
0.0
0.0
0.0
0.0
0.0
0.0
0.0
0.0
0.0
0.0
0.0
0.000993967056274414
0.0
0.0009963512420654297
0.0
0.0
0.0
0.0
0.0
0.0010485649108886719
0.0
0.0
0.0
0.0
0.0
0.0
0.0
0.0
0.0009789466857910156
0.0
0.0
0.0
0.0
0.0
0.0
0.0
0.0
0.0
0.0
0.0
0.0
0.0
0.0
0.0
0.0
0.0010416507720947266
0.0
0.0
0.0
0.0
0.0
0.0
0.0
0.0
0.0
0.0
0.0
0.0
0.000997304916381836
0.0
0.0
0.0
0.0
0.0
0.0
0.0
0.0
0.0
0.0
0.0
0.0
0.0
0.0
0.0
0.0
0.0
0.0
0.0
0.0010294914245605469
0.0
0.0
0.0
0.0
0.0
0.0
0.0
0.0
0.0
0.0009999275207519531
0.0
0.0
0.0
0.0009949207305908203
0.0
0.0
0.0
0.0
0.0
0.0
0.0009958744049072266
0.0
0.0
0.0
0.0
0.0
0.0
0.0
0.0
0.0
0.0010457038879394531
0.0
0.0
0.0
0.0009508132934570312
0.0
0.0
0.0
0.0
0.0
0.0010416507720947266
0.0
0.0
0.0
0.0
0.0
0.0
0.0
0.0
0.0
0.001003265380859375
0.0
0.0
0.0
0.0
0.0
0.0
0.0
0.0
0.0
0.0
0.0
0.0
0.0
0.0
0.0
0.0
0.00099945068359375
0.0
0.0
0.0
0.0
0.0
0.0
0.0
0.0
0.0010399818420410156
0.0
0.0
0.0
0.0
0.0
0.0
0.0
0.0
0.0
0.0
0.0
0.0
0.0009970664978027344
0.0
0.0
0.0
0.0
0.0
0.0009980201721191406
0.0
0.0
0.0
0.0
0.0
0.0
0.0
0.0
0.0
0.0010378360748291016
0.0
0.0
0.0
0.0
0.0009970664978027344
0.0
0.0
0.0
0.0010061264038085938
0.0
0.0
0.0
0.0
0.0010235309600830078
0.0
0.000965118408203125
0.0
0.0
0.0
0.001032114028930664
0.0
0.0
0.0
0.0
0.0
0.0
0.0010004043579101562
0.0009577274322509766
0.0
0.0
0.0
0.0
0.0
0.0009958744049072266
0.0
0.0
0.0
0.0009982585906982422
0.0
0.0
0.0
0.0
0.0
0.0
0.0
0.0
0.0
0.0010004043579101562
0.0
0.0
0.0
0.0
0.000993967056274414
0.0
0.0
0.0
0.0
0.0
0.0
0.0
0.0
0.0
0.0009970664978027344
0.0
0.0
0.0
0.0
0.0
0.0
0.0
0.0
0.0
0.0009980201721191406
0.0
0.0010139942169189453
0.0
0.0
0.0
0.0
0.0
0.0
0.0010526180267333984
0.0
0.0
0.0
0.0
0.0009796619415283203
0.0
0.0
0.0
0.0010056495666503906
0.0
0.0010018348693847656
0.0
0.0
0.0
0.0
0.0
0.0
0.0
0.0
0.0009951591491699219
0.0009484291076660156
0.0
0.0
0.0
0.0
0.0009965896606445312
0.0
0.0
0.0
0.0
0.0
0.0
0.0
0.0
0.0
0.0
0.0009980201721191406
0.0
0.0
0.0
0.0
0.0
0.0
0.0
0.0
0.0
0.0
0.0
0.000997304916381836
0.0
0.0
0.0
0.0009944438934326172
0.0
0.0
0.0
0.0
0.0
0.0009970664978027344
0.0
0.0
0.0
0.0
0.0
0.0
0.000997781753540039
0.0
0.0
0.0
0.0
0.000993967056274414
0.0
0.0
0.0
0.0
0.0
0.0009989738464355469
0.0010068416595458984
0.0
0.0
0.0
0.0
0.0
0.0009903907775878906
0.0
0.0
0.0
0.000995635986328125
0.0
0.0
0.0
0.0
0.0
0.0
0.0
0.0
0.0
0.0
0.0
0.0
0.0
0.0
0.0
0.0
0.0
0.0009958744049072266
0.0
0.0
0.0
0.0009970664978027344
0.0
0.0
0.0
0.0
0.0
0.0
0.0
0.000997304916381836
0.0
0.0
0.0009980201721191406
0.0
0.0
0.0
0.0
0.0
0.0
0.0
0.0
0.0
0.0
0.0
0.0
0.0
0.0
0.0
0.0
0.0
0.0
0.0
0.0
0.0
0.0009949207305908203
0.0
0.0
0.0010006427764892578
0.0
0.0
0.0
0.000993967056274414
0.0
0.0
0.0
0.0
0.0
0.0010039806365966797
0.0
0.0
0.0
0.0
0.0
0.0
0.0
0.0
0.0
0.0009918212890625
0.0
0.0
0.001041412353515625
0.0
0.0
0.0
0.0
0.0
0.0
0.0
0.0009996891021728516
0.0
0.0
0.0
0.0
0.0
0.0
0.0
0.0
0.0
0.0
0.0
0.0
0.001043558120727539
0.0
0.0
0.0
0.0
0.0
0.0
0.0
0.0
0.0
0.0
0.0
0.0
0.0
0.0010433197021484375
0.0
0.0
0.0
0.0
0.0
0.0
0.0
0.0
0.0009551048278808594
0.0
0.0
0.0
0.0
0.0
0.0
0.0
0.0
0.0
0.0
0.0
0.0
0.000997304916381836
0.0
0.0
0.0
0.0
0.0
0.0
0.0
0.0
0.0009982585906982422
0.0
0.0
0.0
0.0
0.0
0.0
0.0
0.0
0.0010056495666503906
0.0
0.0
0.0010001659393310547
0.0
0.0
0.0
0.0
0.0
0.0
0.0
0.0
0.0
0.0
0.0
0.0
0.0
0.0009992122650146484
0.0
0.0
0.0
0.0
0.001031637191772461
0.0
0.0
0.0
0.0
0.0
0.0
0.0
0.0
0.0
0.0
0.0
0.0
0.0
0.0
0.0
0.0010461807250976562
0.0
0.0
0.0
0.0
0.0
0.0
0.0009903907775878906
0.0
0.0
0.0
0.0
0.0
0.0009965896606445312
0.0
0.0
0.0
0.0
0.0
0.0
0.0009927749633789062
0.0
0.0
0.0
0.0
0.0
0.0
0.0
0.0
0.0
0.0009970664978027344
0.0
0.0
0.0
0.0
0.0
0.0
0.0
0.0
0.0
0.0
0.0
0.0
0.0
0.0
0.0
0.0009987354278564453
0.0
0.0
0.0
0.0010356903076171875
0.0
0.0
0.0
0.0009582042694091797
0.0
0.0
0.0
0.001001596450805664
0.0
0.0
0.0
0.0
0.001043558120727539
0.0
0.0
0.0
0.0009992122650146484
0.0009961128234863281
0.0
0.0
0.0
0.0
0.0
0.0
0.0
0.0
0.0
0.0
0.0
0.0010039806365966797
0.0
0.0
0.0
0.0
0.0
0.0
0.0
0.0
0.0
0.0
0.0
0.0
0.0
0.0
0.0010390281677246094
0.0
0.0
0.0
0.0
0.0
0.0
0.0
0.0
0.0
0.0
0.0
0.0
0.0
0.0
0.0009925365447998047
0.0
0.0
0.0
0.0
0.0
0.0
0.0
0.0
0.0
0.0
0.0
0.0
0.0
0.0
0.0
0.0
0.0
0.0
0.0010368824005126953
0.0
0.0
0.0
0.0
0.0
0.0
0.0
0.0
0.0
0.0
0.000997304916381836
0.0
0.0
0.0
0.0009958744049072266
0.0
0.0
0.0
0.0
0.0
0.0
0.0
0.0
0.0
0.0
0.0
0.0
0.000995635986328125
0.0
0.0
0.0
0.0
0.0
0.0
0.0
0.0
0.0
0.0
0.0
0.0
0.0
0.0010423660278320312
0.0
0.0
0.0
0.0
0.0
0.0
0.0
0.0
0.0
0.0
0.0
0.0
0.0
0.001001119613647461
0.0
0.0
0.0009913444519042969
0.0
0.0
0.0010046958923339844
0.0
0.0
0.0
0.0
0.0
0.0
0.000990152359008789
0.0
0.0
0.0
0.0
0.0
0.0
0.0
0.0009551048278808594
0.0
0.0
0.0
0.0
0.0
0.0
0.0
0.0
0.0
0.0
0.0010004043579101562
0.0009968280792236328
0.0
0.0
0.0
0.0
0.0
0.000995635986328125
0.0
0.0
0.0
0.0
0.0
0.0
0.0009984970092773438
0.0
0.0
0.0
0.0
0.0
0.0
0.0
0.0
0.0
0.0
0.0
0.0
0.0
0.0
0.0
0.0010433197021484375
0.0
0.0
0.0
0.0
0.0
0.0
0.0
0.0
0.0009503364562988281
0.0
0.0
0.0
0.0
0.0
0.0
0.0
0.0
0.0
0.0
0.0
0.0
0.0
0.0
0.0
0.0
0.0
0.0
0.0009980201721191406
0.0
0.0
0.0
0.0
0.0
0.0
0.0
0.0
0.0010445117950439453
0.0
0.0
0.0
0.0
0.0
0.0
0.0
0.0010344982147216797
0.0
0.0
0.0
0.0
0.0010013580322265625
0.0
0.0
0.0
0.0
0.0
0.0
0.0
0.0
0.0009646415710449219
0.0
0.0
0.0
0.0009944438934326172
0.0
0.0
0.0
Average time: 0.00021171069145202638 Seconds             Total time: 0.21171069145202637 Seconds
