0.0
0.0
0.0009999275207519531
0.001031637191772461
0.0009984970092773438
0.0
0.000995635986328125
0.0009615421295166016
0.0
0.0
0.0009984970092773438
0.0
0.0
0.0
0.0
0.0
0.000997304916381836
0.001001119613647461
0.0
0.0
0.0
0.0
0.0009920597076416016
0.0
0.0019960403442382812
0.0
0.0
0.0
0.0010335445404052734
0.0
0.0
0.0
0.0009984970092773438
0.0
0.002008199691772461
0.0
0.0
0.000995635986328125
0.0010547637939453125
0.0
0.0005838871002197266
0.0
0.0009822845458984375
0.0
0.0
0.000989675521850586
0.0009975433349609375
0.0
0.0
0.0010428428649902344
0.0009975433349609375
0.0
0.0
0.000997304916381836
0.001004934310913086
0.001027822494506836
0.0
0.0
0.0
0.0
0.0009949207305908203
0.0
0.00099945068359375
0.0
0.0
0.0
0.0009946823120117188
0.0
0.0
0.0
0.000997781753540039
0.0
0.0
0.0
0.000997781753540039
0.0009603500366210938
0.0
0.0010025501251220703
0.0
0.0
0.002987384796142578
0.0
0.0009968280792236328
0.0
0.0
0.0009982585906982422
0.0
0.0
0.000997781753540039
0.0
0.0
0.0
0.000997781753540039
0.0
0.0
0.0009927749633789062
0.0
0.0
0.0
0.0
0.0
0.0
0.0
0.000997304916381836
0.0
0.0
0.000997304916381836
0.0
0.0
0.0
0.0010325908660888672
0.0
0.0009980201721191406
0.0
0.0
0.0
0.0009958744049072266
0.0
0.0
0.0
0.0
0.0
0.0
0.0009639263153076172
0.0
0.0020122528076171875
0.0029726028442382812
0.0009970664978027344
0.0
0.0
0.0009975433349609375
0.0
0.0
0.000997304916381836
0.0
0.0
0.0
0.0
0.0009975433349609375
0.0
0.0
0.000997781753540039
0.0
0.0
0.0009975433349609375
0.0
0.000997304916381836
0.0
0.000997304916381836
0.0
0.0
0.0
0.0009975433349609375
0.0
0.0
0.0
0.0010309219360351562
0.0
0.0010025501251220703
0.0
0.0
0.000993967056274414
0.0
0.0
0.0
0.000993490219116211
0.0
0.0
0.0
0.0010001659393310547
0.0009958744049072266
0.0
0.0019965171813964844
0.0
0.0
0.0009624958038330078
0.0
0.0
0.0
0.0
0.0
0.0
0.0
0.0
0.0010328292846679688
0.0
0.0
0.0
0.0009961128234863281
0.0009629726409912109
0.0
0.0
0.0
0.0
0.0009982585906982422
0.0
0.0
0.0
0.0
0.0
0.0009965896606445312
0.0
0.0
0.0010294914245605469
0.0009999275207519531
0.0
0.0
0.0
0.0009951591491699219
0.0
0.0
0.0
0.0
0.0010035037994384766
0.0
0.000993490219116211
0.0
0.0
0.0
0.0
0.0009989738464355469
0.0
0.0
0.0009982585906982422
0.0
0.0009598731994628906
0.0
0.0
0.0
0.00103759765625
0.0
0.0009944438934326172
0.0
0.0
0.0
0.0
0.0
0.0
0.0009708404541015625
0.0
0.0
0.0
0.0
0.0
0.000995635986328125
0.0
0.0
0.0
0.000989675521850586
0.0
0.0
0.0
0.0
0.0
0.0009989738464355469
0.0010144710540771484
0.0
0.0
0.0
0.0
0.0
0.0
0.0
0.0
0.0009953975677490234
0.0
0.000997781753540039
0.0
0.0
0.0
0.0
0.0
0.0
0.0
0.0
0.0
0.0029926300048828125
0.0
0.0009412765502929688
0.0
0.0
0.0010540485382080078
0.0
0.0
0.0009405612945556641
0.0
0.0
0.0010595321655273438
0.0
0.0
0.0
0.0009922981262207031
0.0
0.0
0.000997781753540039
0.0
0.0
0.0009913444519042969
0.0009458065032958984
0.0010037422180175781
0.0
0.0
0.0
0.000995635986328125
0.0
0.0
0.0
0.0
0.000997781753540039
0.0
0.0
0.0
0.0
0.0
0.0010530948638916016
0.0
0.0009980201721191406
0.0
0.0009968280792236328
0.0
0.0
0.0
0.0009970664978027344
0.0
0.000997781753540039
0.0
0.0009410381317138672
0.0
0.0
0.0010535717010498047
0.0
0.0
0.0009450912475585938
0.0
0.0
0.0
0.0009946823120117188
0.0
0.0
0.0
0.0
0.0
0.0
0.000997781753540039
0.0
0.0
0.0
0.0009970664978027344
0.0
0.0
0.0
0.00099945068359375
0.0
0.000995635986328125
0.0
0.0010330677032470703
0.0
0.0
0.0009961128234863281
0.0010001659393310547
0.0
0.0
0.0
0.0
0.0009591579437255859
0.0
0.0
0.0010380744934082031
0.0
0.0
0.0009930133819580078
0.0
0.0
0.0
0.0010001659393310547
0.0
0.0
0.0010318756103515625
0.0
0.0
0.0009672641754150391
0.0
0.0
0.0009911060333251953
0.0
0.0
0.0
0.0
0.0
0.0009975433349609375
0.0
0.0
0.0009970664978027344
0.0
0.0
0.0
0.0009980201721191406
0.0
0.0
0.0
0.0009980201721191406
0.0010216236114501953
0.0
0.0
0.0
0.0020318031311035156
0.0
0.0009446144104003906
0.0
0.0009944438934326172
0.0010035037994384766
0.0
0.0009894371032714844
0.0
0.0009922981262207031
0.0009968280792236328
0.0
0.0
0.0
0.0
0.0
0.0
0.0
0.0009970664978027344
0.0
0.0
0.0
0.0009982585906982422
0.0
0.0
0.0
0.001047372817993164
0.0
0.0
0.0010082721710205078
0.0
0.0009431838989257812
0.0
0.001046895980834961
0.0
0.0
0.0
0.0009980201721191406
0.0
0.0009751319885253906
0.0
0.0
0.0
0.0
0.0
0.0
0.0
0.0
0.001058340072631836
0.0
0.0
0.0
0.0009357929229736328
0.0
0.0
0.0
0.0
0.0
0.000995635986328125
0.0
0.0
0.0
0.000997304916381836
0.0
0.0
0.0009975433349609375
0.0
0.0
0.0
0.0
0.0
0.0
0.0
0.0
0.001054525375366211
0.0
0.0
0.0
0.0
0.000997781753540039
0.0009405612945556641
0.0
0.0009996891021728516
0.00099945068359375
0.0
0.0009925365447998047
0.0
0.0010006427764892578
0.0
0.0
0.0010061264038085938
0.0009851455688476562
0.0
0.0
0.0009982585906982422
0.0
0.0
0.0
0.0
0.0
0.0
0.0009946823120117188
0.0
0.0010383129119873047
0.0
0.0009553432464599609
0.000997304916381836
0.0
0.0
0.0
0.0
0.0010356903076171875
0.0
0.0
0.0
0.0
0.0
0.001001119613647461
0.0
0.0
0.0
0.0
0.0
0.0010344982147216797
0.0
0.0020036697387695312
0.0009887218475341797
0.0
0.0
0.0
0.0009982585906982422
0.0
0.0
0.0
0.0009984970092773438
0.0
0.0
0.0
0.0009577274322509766
0.0
0.0
0.0
0.000997781753540039
0.0
0.0
0.0
0.0
0.0
0.0
0.0
0.0009992122650146484
0.0009958744049072266
0.0009968280792236328
0.0
0.0
0.000997304916381836
0.0
0.0
0.0
0.000997304916381836
0.0010001659393310547
0.0
0.0
0.0
0.0009951591491699219
0.0009982585906982422
0.0009953975677490234
0.0
0.001013040542602539
0.0009829998016357422
0.0
0.0009975433349609375
0.0
0.0009975433349609375
0.0009996891021728516
0.001050710678100586
0.0
0.0
0.0
0.0009813308715820312
0.0
0.0010144710540771484
0.0
0.0
0.0009958744049072266
0.0
0.000997781753540039
0.0
0.0010027885437011719
0.0
0.0
0.0009911060333251953
0.0
0.0
0.0
0.0
0.000997304916381836
0.0009400844573974609
0.0
0.0
0.0010073184967041016
0.0
0.0
0.000988006591796875
0.0
0.0
0.0
0.000997304916381836
0.0
0.0
0.0
0.0
0.0
0.0009965896606445312
0.0
0.0
0.0
0.0009980201721191406
0.0
0.0
0.0
0.0009987354278564453
0.0
0.000997304916381836
0.0
0.0
0.000997304916381836
0.0
0.0
0.0009963512420654297
0.0
0.0010018348693847656
0.0
0.0009930133819580078
0.0009975433349609375
0.0
0.0
0.0
0.0009958744049072266
0.0
0.0
0.000997304916381836
0.0
0.000997304916381836
0.0
0.0009865760803222656
0.0010542869567871094
0.0
0.0
0.0009374618530273438
0.0
0.0010540485382080078
0.0009980201721191406
0.0
0.0009982585906982422
0.0
0.0
0.0
0.000993490219116211
0.0
0.0009980201721191406
0.0
0.0
0.0
0.0010037422180175781
0.0009925365447998047
0.0
0.0009412765502929688
0.0
0.0
0.0
0.0010023117065429688
0.0
0.0
0.0
0.0
0.0009913444519042969
0.0
0.0
0.0
0.0
0.0
0.000997304916381836
0.0
0.0
0.0
0.0009975433349609375
0.0
0.0
0.0009996891021728516
0.0
0.0009963512420654297
0.0010104179382324219
0.0
0.0
0.0
0.0
0.0
0.0010333061218261719
0.0
0.0010182857513427734
0.0
0.0
0.0
0.000997781753540039
0.0
0.000993967056274414
0.000997781753540039
0.0
0.00099945068359375
0.0
0.0
0.0
0.0009946823120117188
0.0
0.0
0.0
0.0009980201721191406
0.0
0.0
0.0
0.0010039806365966797
0.0009899139404296875
0.000997304916381836
0.0
0.0019965171813964844
0.0009953975677490234
0.001001596450805664
0.0
0.0
0.0
0.0
0.0009951591491699219
0.000997781753540039
0.0
0.0
0.0009992122650146484
0.0
0.000993967056274414
0.0
0.0009970664978027344
0.0
0.0009975433349609375
0.0
0.0009968280792236328
0.0
0.0
0.001055002212524414
0.0
0.0
0.0
0.0009951591491699219
0.0
0.0009410381317138672
0.0
0.00106048583984375
0.0
0.0
0.0
0.0009903907775878906
0.0
0.0
0.0
0.0
0.0009779930114746094
0.0
0.0
0.0019598007202148438
0.0
0.0
0.001007080078125
0.0
0.0
0.0
0.0009865760803222656
0.0
0.0009963512420654297
0.0
0.0
0.0
0.0009968280792236328
0.0
0.000997304916381836
0.0
0.0009970664978027344
0.0
0.0
0.0
0.0
0.0
0.0
0.0009980201721191406
0.0
0.0
0.0
0.0
0.0
0.0010230541229248047
0.0
0.0
0.0009725093841552734
0.0
0.0009953975677490234
0.0
0.0
0.000995635986328125
0.0010101795196533203
0.000982522964477539
0.0
0.0
0.0019876956939697266
0.0
0.0009970664978027344
0.0
0.000997304916381836
0.0
0.0
0.0009987354278564453
0.0009961128234863281
0.0
0.0009992122650146484
0.000995635986328125
0.0
0.0
0.0010371208190917969
0.0
0.0009932518005371094
0.0
0.0
0.0
0.0
0.0
0.0009984970092773438
0.0009598731994628906
0.0010082721710205078
0.0
0.0
0.0
0.0009889602661132812
0.0
0.0
0.0
0.0009949207305908203
0.0
0.0
0.0009970664978027344
0.0
0.0
0.0010600090026855469
0.0
0.0009918212890625
0.0
0.0
0.000997304916381836
0.0
0.0
0.0
0.0009989738464355469
0.0
0.0
0.0009949207305908203
0.0
0.0
0.0
0.0009980201721191406
0.0
0.0
0.0
0.0
0.0
0.0009405612945556641
0.0
0.0
0.0
0.0010538101196289062
0.0
0.0019378662109375
0.0
0.0010149478912353516
0.000988006591796875
0.0009906291961669922
0.0
0.0
0.0009987354278564453
0.0
0.0
0.0
0.0009965896606445312
0.0
0.0
0.0009953975677490234
0.0
0.0
0.0
0.0009996891021728516
0.0
0.0
0.0
0.0009894371032714844
0.0
0.0
0.0
0.0009980201721191406
0.0
0.0
0.0009958744049072266
0.0010335445404052734
0.0
0.0
0.0
0.0
0.0
0.0
0.0
0.0010001659393310547
0.0
0.0009968280792236328
0.0
0.0
0.0
0.0
0.0
0.0009975433349609375
0.0009987354278564453
0.0
0.0009965896606445312
0.0
0.0
0.0
0.0
0.0009992122650146484
0.0
0.0
0.0
0.0009968280792236328
0.0
0.0009975433349609375
0.000995635986328125
0.0009989738464355469
0.0
0.0
0.0
0.0010144710540771484
0.0
0.0
0.0
0.0010306835174560547
0.0
0.0
0.0
0.0010027885437011719
0.0
0.0
0.0
0.0009932518005371094
0.0
0.0
0.0
0.0
0.0009982585906982422
0.0
0.0009984970092773438
0.0009953975677490234
0.0
0.0
0.0
0.0
0.0
0.000997781753540039
0.0
0.0
0.0
0.0
0.0
0.0
0.001049041748046875
0.0
0.0009453296661376953
0.0
0.0
0.0
0.0
0.001005411148071289
0.0
0.0
0.0
0.0
0.0010466575622558594
0.0
0.0
0.0
0.0009412765502929688
0.0
0.0009987354278564453
0.0010650157928466797
Average time: 0.0003946840763092041 Seconds             Total time: 0.3946840763092041 Seconds
