0.0009984970092773438
0.0009984970092773438
0.0
0.0
0.0010323524475097656
0.0009975433349609375
0.000993967056274414
0.0010001659393310547
0.0
0.0
0.0009920597076416016
0.0
0.002962350845336914
0.0
0.0
0.000997304916381836
0.0
0.00299072265625
0.0
0.0
0.0010004043579101562
0.0019936561584472656
0.0029897689819335938
0.0009965896606445312
0.0
0.0009980201721191406
0.001005411148071289
0.0
0.0
0.0
0.0
0.0
0.0010287761688232422
0.0
0.0
0.000993967056274414
0.0
0.0019948482513427734
0.0
0.0
0.0009608268737792969
0.0
0.0
0.0
0.0
0.0019948482513427734
0.0010499954223632812
0.0
0.002939462661743164
0.0
0.001005411148071289
0.0
0.0009927749633789062
0.0
0.001996278762817383
0.0
0.0
0.0
0.0009946823120117188
0.0
0.0
0.0009984970092773438
0.000997781753540039
0.001992464065551758
0.0
0.0009987354278564453
0.0
0.0
0.002001047134399414
0.0
0.0009958744049072266
0.0009963512420654297
0.0020017623901367188
0.000989675521850586
0.001993417739868164
0.00199127197265625
0.0010373592376708984
0.0
0.0009987354278564453
0.0
0.0
0.0
0.0019888877868652344
0.0
0.0009946823120117188
0.0
0.0009634494781494141
0.0
0.0010097026824951172
0.0
0.0
0.00499415397644043
0.0
0.0
0.0
0.0
0.0010223388671875
0.0
0.0
0.0
0.0
0.0
0.001033782958984375
0.0
0.0009617805480957031
0.0
0.0010383129119873047
0.0
0.0
0.0
0.0
0.0009589195251464844
0.0
0.0
0.0
0.0
0.0
0.0010290145874023438
0.0009627342224121094
0.0010309219360351562
0.0
0.0019729137420654297
0.0
0.0009894371032714844
0.0010008811950683594
0.0
0.0009996891021728516
0.0009953975677490234
0.0
0.0009970664978027344
0.0010275840759277344
0.0009963512420654297
0.0
0.0010104179382324219
0.0
0.0
0.0
0.0
0.0
0.0
0.0010001659393310547
0.0
0.001981019973754883
0.0
0.0
0.0
0.0
0.0029892921447753906
0.0
0.0009622573852539062
0.0
0.0009963512420654297
0.0
0.0
0.0009975433349609375
0.0
0.0
0.0
0.0
0.0
0.0009996891021728516
0.0
0.0
0.0
0.0010335445404052734
0.0
0.0
0.0010044574737548828
0.0009875297546386719
0.001007080078125
0.0009882450103759766
0.0009968280792236328
0.0020074844360351562
0.0
0.0
0.000997781753540039
0.0010027885437011719
0.0
0.0010383129119873047
0.0
0.0009520053863525391
0.0
0.0
0.0
0.0
0.0010328292846679688
0.0
0.0
0.0
0.0
0.0
0.0010004043579101562
0.0
0.0
0.000957489013671875
0.0
0.0
0.0
0.0
0.0
0.0
0.0010478496551513672
0.0
0.0
0.0019927024841308594
0.0
0.0
0.0
0.0
0.0
0.0
0.0009410381317138672
0.0
0.0
0.0010001659393310547
0.0
0.0
0.0010311603546142578
0.0
0.0019583702087402344
0.0
0.0009970664978027344
0.0010166168212890625
0.0
0.0
0.0009479522705078125
0.0
0.0
0.0010461807250976562
0.0
0.0
0.0
0.0
0.0
0.0
0.0
0.0
0.0009968280792236328
0.0
0.0009970664978027344
0.0
0.0
0.0
0.0
0.0
0.000997304916381836
0.0009970664978027344
0.0
0.0029973983764648438
0.0
0.00099945068359375
0.000997304916381836
0.0
0.0
0.0009975433349609375
0.0
0.001035928726196289
0.0
0.0
0.0
0.0
0.0010044574737548828
0.0
0.0
0.0
0.0
0.0010020732879638672
0.0
0.0
0.0
0.0009927749633789062
0.0
0.0
0.0009975433349609375
0.0010051727294921875
0.0
0.001112222671508789
0.0
0.0009961128234863281
0.0
0.0
0.0
0.0
0.0009980201721191406
0.0
0.0
0.0019969940185546875
0.0029916763305664062
0.0
0.0
0.0
0.001001596450805664
0.0019881725311279297
0.0
0.0
0.0
0.001993894577026367
0.0
0.0010344982147216797
0.0
0.0
0.0009617805480957031
0.0
0.0
0.0
0.0009965896606445312
0.0
0.0009965896606445312
0.0
0.0
0.0009975433349609375
0.0
0.0
0.000997304916381836
0.0
0.0009970664978027344
0.0
0.0
0.0009987354278564453
0.0
0.0029931068420410156
0.0009975433349609375
0.0010013580322265625
0.0
0.0
0.0009927749633789062
0.0009963512420654297
0.0
0.0009965896606445312
0.000997781753540039
0.0
0.0
0.0
0.0
0.0
0.0009999275207519531
0.0
0.0
0.0009946823120117188
0.0
0.0009968280792236328
0.0
0.0009982585906982422
0.0009963512420654297
0.0
0.001995563507080078
0.0
0.0
0.0009989738464355469
0.0009970664978027344
0.0
0.0029931068420410156
0.0
0.0009970664978027344
0.0
0.0009963512420654297
0.0
0.0009980201721191406
0.0
0.0
0.0
0.000997304916381836
0.0009975433349609375
0.0019941329956054688
0.0009968280792236328
0.0
0.0
0.000997781753540039
0.0009963512420654297
0.00099945068359375
0.0009965896606445312
0.0
0.0
0.0
0.0
0.0009982585906982422
0.0
0.0
0.0019936561584472656
0.0
0.0
0.0
0.0
0.001994609832763672
0.0
0.0
0.0009963512420654297
0.0
0.0
0.0009982585906982422
0.0
0.0
0.0009963512420654297
0.0
0.0
0.0
0.0
0.0
0.0
0.0
0.000997781753540039
0.0
0.0009970664978027344
0.0009970664978027344
0.0
0.0
0.0
0.0009970664978027344
0.0
0.0
0.0009975433349609375
0.0
0.0
0.0010042190551757812
0.0
0.0009911060333251953
0.0
0.000997781753540039
0.0
0.0
0.0
0.0010089874267578125
0.0
0.0009865760803222656
0.0
0.0009968280792236328
0.0
0.0009961128234863281
0.0
0.0
0.0
0.0019998550415039062
0.0
0.0009942054748535156
0.000997781753540039
0.0
0.0
0.0
0.0
0.0009970664978027344
0.0
0.0009965896606445312
0.0
0.001997232437133789
0.0029914379119873047
0.0009961128234863281
0.0
0.0
0.00099945068359375
0.0009953975677490234
0.0
0.000997781753540039
0.0
0.0
0.0010013580322265625
0.0
0.00099945068359375
0.0
0.0
0.0010035037994384766
0.0
0.0
0.0
0.0
0.0009844303131103516
0.0
0.0
0.0
0.001995086669921875
0.0
0.001994609832763672
0.0009982585906982422
0.0
0.0010018348693847656
0.0
0.0
0.0
0.0
0.0009951591491699219
0.0
0.0
0.0009989738464355469
0.0
0.0
0.0
0.0009965896606445312
0.0
0.0009965896606445312
0.0
0.0
0.0
0.0009965896606445312
0.0
0.0009980201721191406
0.0
0.0
0.0
0.0
0.0
0.0009965896606445312
0.0
0.0009992122650146484
0.0010008811950683594
0.0
0.0
0.0
0.0009963512420654297
0.0
0.002989053726196289
0.0
0.0009982585906982422
0.0
0.0
0.0009963512420654297
0.0
0.0
0.0
0.0009968280792236328
0.0
0.0
0.0
0.0009965896606445312
0.0
0.0
0.0
0.0
0.0009911060333251953
0.0
0.0009963512420654297
0.0
0.0
0.0
0.0009970664978027344
0.0
0.0009996891021728516
0.0
0.0009968280792236328
0.000997304916381836
0.0009980201721191406
0.0
0.0010104179382324219
0.0010592937469482422
0.0009458065032958984
0.0
0.0009746551513671875
0.0009965896606445312
0.003985881805419922
0.0009989738464355469
0.0
0.0
0.0
0.0009975433349609375
0.0
0.000997304916381836
0.000997781753540039
0.0009970664978027344
0.000997781753540039
0.0009975433349609375
0.0
0.0
0.0
0.000997304916381836
0.0
0.0
0.0
0.0
0.0009961128234863281
0.000997781753540039
0.0
0.0
0.0
0.000997781753540039
0.0
0.0
0.0009961128234863281
0.0009982585906982422
0.0
0.0009965896606445312
0.0
0.0
0.0
0.0
0.000997304916381836
0.002991199493408203
0.0009984970092773438
0.0
0.0009965896606445312
0.0
0.000997304916381836
0.0009992122650146484
0.0
0.0
0.0
0.0009961128234863281
0.000997781753540039
0.0
0.0
0.0
0.0009970664978027344
0.001995086669921875
0.0
0.0009970664978027344
0.0
0.0
0.0009970664978027344
0.0009963512420654297
0.0
0.0
0.0
0.0
0.0009987354278564453
0.0
0.0009968280792236328
0.0009968280792236328
0.0
0.0009970664978027344
0.0
0.0009980201721191406
0.0
0.0
0.0
0.0
0.0009965896606445312
0.0009984970092773438
0.0
0.0010068416595458984
0.0009946823120117188
0.0
0.0009908676147460938
0.0
0.0
0.0009975433349609375
0.0
0.0
0.0009965896606445312
0.0
0.0
0.0
0.0
0.0009968280792236328
0.0
0.001994609832763672
0.0
0.0009968280792236328
0.0
0.0
0.0010700225830078125
0.0
0.0
0.0
0.0
0.0
0.0
0.0
0.000997781753540039
0.0
0.0
0.0009963512420654297
0.0
0.0010004043579101562
0.0
0.0
0.0
0.0020036697387695312
0.001983165740966797
0.0
0.0
0.0
0.0010035037994384766
0.0
0.0
0.0009920597076416016
0.001004934310913086
0.0
0.0
0.001987457275390625
0.0
0.0019936561584472656
0.0
0.0
0.0
0.0
0.0
0.0
0.0
0.0009987354278564453
0.0
0.0
0.0
0.0009975433349609375
0.0
0.0
0.002066373825073242
0.0
0.0009250640869140625
0.0
0.0
0.0009982585906982422
0.0
0.0009980201721191406
0.0009980201721191406
0.0019941329956054688
0.0
0.0
0.0010287761688232422
0.0
0.0
0.0010037422180175781
0.0
0.0
0.0
0.0
0.0
0.0009908676147460938
0.0
0.0010044574737548828
0.0
0.000997781753540039
0.0009582042694091797
0.0
0.0
0.0009958744049072266
0.0009992122650146484
0.0
0.0
0.0
0.0
0.0010418891906738281
0.0009520053863525391
0.000997304916381836
0.0
0.0009970664978027344
0.0
0.0009984970092773438
0.0019958019256591797
0.0
0.0010051727294921875
0.0009908676147460938
0.0
0.0
0.0
0.0
0.0009942054748535156
0.0
0.0
0.0
0.0
0.0
0.0
0.0009961128234863281
0.0
0.0009891986846923828
0.0
0.001990795135498047
0.0010020732879638672
0.0010113716125488281
0.0
0.0
0.000978231430053711
0.0
0.00399470329284668
0.001003265380859375
0.0
0.0020036697387695312
0.0009791851043701172
0.0
0.0
0.00101470947265625
0.0
0.0009818077087402344
0.0009968280792236328
0.000997304916381836
0.0009958744049072266
0.0
0.0
0.0
0.000995635986328125
0.0
0.0
0.0
0.0010428428649902344
0.0009539127349853516
0.0
0.0030264854431152344
0.0
0.0019588470458984375
0.0
0.0
0.0
0.0009951591491699219
0.0
0.0
0.0020415782928466797
0.0
0.0019943714141845703
0.0
0.0
0.0
0.0009944438934326172
0.0009551048278808594
0.0
0.0009963512420654297
0.0
0.0
0.0009961128234863281
0.0
0.0009970664978027344
0.0
0.0
0.0009970664978027344
0.0
0.0009992122650146484
0.0
0.0
0.0010056495666503906
0.0
0.0029838085174560547
0.0
0.0
0.000997781753540039
0.0
0.0009989738464355469
0.0
0.0
0.0019922256469726562
0.0010416507720947266
0.0009567737579345703
0.0
0.0
0.0
0.0
0.0
0.0
0.000997304916381836
0.0
0.0009968280792236328
0.0009982585906982422
0.0009970664978027344
0.0
0.0
0.0
0.0009999275207519531
0.000993967056274414
0.0
0.0
0.002991914749145508
0.0
0.0
0.00099945068359375
0.003986358642578125
0.000997304916381836
0.0
0.0009970664978027344
0.0
0.0
0.0009984970092773438
0.0
0.0
0.0
0.0
0.0
0.0009963512420654297
0.0
0.0009980201721191406
0.0
0.0009968280792236328
0.0
0.0009984970092773438
0.0019943714141845703
0.0010399818420410156
0.0009579658508300781
0.0019941329956054688
0.0
0.0009963512420654297
0.0
0.0009953975677490234
0.0
0.0
0.000997304916381836
0.0
0.0
0.0009970664978027344
0.0
0.0009996891021728516
0.0
0.0009951591491699219
0.0
0.0009963512420654297
0.0
0.0
0.0009980201721191406
0.0
0.0009968280792236328
0.0
0.0
0.0
0.0
0.0
0.0
0.0010361671447753906
0.0009982585906982422
0.0
0.0
0.0
0.0010027885437011719
0.0020248889923095703
0.0009999275207519531
0.0
0.0
0.0010035037994384766
0.0
0.0
0.0009949207305908203
0.00099945068359375
0.0
0.0
0.0
0.0009984970092773438
0.0
0.0
0.0010001659393310547
0.0
0.0
0.0009925365447998047
0.0
0.0
0.0
0.0010347366333007812
0.0
0.0
0.0
0.0009627342224121094
0.0010442733764648438
0.0
0.0
0.0
0.0009846687316894531
0.0009601116180419922
0.0009963512420654297
0.0009975433349609375
0.0010445117950439453
0.0
0.0
0.0019791126251220703
0.0
0.0
0.000997304916381836
0.0010051727294921875
0.0
0.0
0.0
0.0
0.0
0.0
0.0
0.0
0.0
0.0009958744049072266
0.0
0.0009961128234863281
0.0
0.0019943714141845703
0.0
0.0
0.0
0.0
0.0
0.0
0.0009975433349609375
0.0010004043579101562
0.0
0.0009963512420654297
0.0
0.003990888595581055
0.0
0.0009744167327880859
0.0
0.0
0.0009963512420654297
0.0
0.000997781753540039
0.0
0.0
0.0009965896606445312
0.0
0.0
0.0
0.0009980201721191406
0.0
0.0
0.0
0.0009970664978027344
0.0009970664978027344
0.0
0.0
0.0009980201721191406
0.0
0.0
0.0009968280792236328
0.0
Average time: 0.0005444746017456055 Seconds             Total time: 0.5444746017456055 Seconds
