0.2528383731842041
0.009972572326660156
0.012965202331542969
0.002991914749145508
0.0029921531677246094
0.002991914749145508
0.0738375186920166
0.0
0.02164602279663086
0.0
0.0029909610748291016
0.010010957717895508
0.009937047958374023
0.003988742828369141
0.026926517486572266
0.009973526000976562
0.024935007095336914
0.02293705940246582
0.05385732650756836
0.021010398864746094
0.0
0.012900352478027344
0.011967658996582031
0.014995336532592773
0.011963367462158203
0.0009641647338867188
0.007979393005371094
0.002991914749145508
0.008015632629394531
0.009937524795532227
0.011965036392211914
0.007951498031616211
0.007102012634277344
0.003028392791748047
0.01995229721069336
0.009929656982421875
0.0029959678649902344
0.0009949207305908203
0.012966156005859375
0.0
0.0019922256469726562
0.018987417221069336
0.05781054496765137
0.008013486862182617
0.000997304916381836
0.013963937759399414
0.0029904842376708984
0.0039522647857666016
0.00598454475402832
0.07086920738220215
0.01390385627746582
0.006032705307006836
0.001003265380859375
0.004931211471557617
0.01196908950805664
0.00797891616821289
0.13962650299072266
0.019947052001953125
0.04587697982788086
0.002991914749145508
0.0009980201721191406
0.000997304916381836
0.03789806365966797
0.0
0.0388948917388916
0.014961004257202148
0.06685686111450195
0.04288768768310547
0.009970903396606445
0.019948959350585938
0.0019927024841308594
0.002992868423461914
0.019948720932006836
0.003988027572631836
0.03487253189086914
0.008013725280761719
0.0059816837310791016
0.0
0.037862539291381836
0.0329127311706543
0.001995563507080078
0.03091716766357422
0.03291177749633789
0.04089188575744629
0.013971328735351562
0.003978252410888672
0.04688215255737305
0.04787087440490723
0.025937318801879883
0.011974334716796875
0.01894235610961914
0.02293848991394043
0.09773850440979004
0.023940086364746094
0.003988027572631836
0.023499488830566406
0.003991842269897461
0.006978511810302734
0.004987001419067383
0.001994609832763672
0.005984783172607422
0.01894855499267578
0.04886794090270996
0.001995086669921875
0.03789830207824707
0.024013757705688477
0.010933160781860352
0.007997512817382812
0.02391791343688965
0.03686189651489258
0.01499629020690918
0.012965679168701172
0.007991313934326172
0.001003265380859375
0.011948347091674805
0.001958608627319336
0.0010614395141601562
0.0
0.010942697525024414
0.012965917587280273
0.00897526741027832
0.002994537353515625
0.04185009002685547
0.015996456146240234
0.08473324775695801
0.004987955093383789
0.0019965171813964844
0.0049839019775390625
0.02198171615600586
0.0309140682220459
0.00798940658569336
0.01096796989440918
0.015921354293823242
0.009973764419555664
0.016954660415649414
0.02497386932373047
0.025926589965820312
0.06080150604248047
0.03191232681274414
0.021942615509033203
0.00997471809387207
0.006009578704833984
0.016927003860473633
0.003988504409790039
0.03590536117553711
0.07081365585327148
0.03191232681274414
0.015960216522216797
0.012967109680175781
0.0
0.001993894577026367
0.009972095489501953
0.0009970664978027344
0.010970592498779297
0.010970592498779297
0.04288768768310547
0.03892874717712402
0.011965274810791016
0.0009996891021728516
0.05288076400756836
0.006982564926147461
0.017897367477416992
0.05920672416687012
0.00794839859008789
0.04288458824157715
0.015735626220703125
0.024924039840698242
0.0019881725311279297
0.06379008293151855
0.0019943714141845703
0.0010368824005126953
0.011928319931030273
0.008976936340332031
0.032946109771728516
0.04384899139404297
0.011952877044677734
0.024965763092041016
0.017953157424926758
0.001993417739868164
0.11532092094421387
0.01891160011291504
0.09281468391418457
0.0049817562103271484
0.005990028381347656
0.057817935943603516
0.08079409599304199
0.03691554069519043
0.08072948455810547
0.003988981246948242
0.09175634384155273
0.0
0.003988981246948242
0.019945144653320312
0.07882809638977051
0.0059816837310791016
0.008978128433227539
0.011969566345214844
0.06382942199707031
0.0019555091857910156
0.07878923416137695
0.021984338760375977
0.008932352066040039
0.004987001419067383
0.01994776725769043
0.000997304916381836
0.03690814971923828
0.01798081398010254
0.08425283432006836
0.028921127319335938
0.0019953250885009766
0.036904335021972656
0.02545642852783203
0.022923707962036133
0.015960216522216797
0.012964487075805664
0.0319826602935791
0.0009851455688476562
0.002990245819091797
0.03490805625915527
0.005985260009765625
0.001992464065551758
0.004990100860595703
0.0009949207305908203
0.2454700469970703
0.034513235092163086
0.01898503303527832
0.004950284957885742
0.004987478256225586
0.004048585891723633
0.07943463325500488
0.0020294189453125
0.04083609580993652
0.017951488494873047
0.006981372833251953
0.02646613121032715
0.000997304916381836
0.0438845157623291
0.001994609832763672
0.0433962345123291
0.013966083526611328
0.022937536239624023
0.0019960403442382812
0.019945859909057617
0.03091907501220703
0.05185866355895996
0.002992391586303711
0.014960050582885742
0.011967897415161133
0.000997304916381836
0.000997304916381836
0.018949508666992188
0.007988214492797852
0.14061427116394043
0.04787421226501465
0.0019986629486083984
0.09378695487976074
0.0019526481628417969
0.004025936126708984
0.04584050178527832
0.001035451889038086
0.002953767776489258
0.006980419158935547
0.08976054191589355
0.0039882659912109375
0.05087900161743164
0.011956930160522461
0.04288172721862793
0.11669158935546875
0.0
0.003999471664428711
0.003975868225097656
0.04890561103820801
0.04089069366455078
0.009974002838134766
0.015957117080688477
0.02474379539489746
0.0009968280792236328
0.003989458084106445
0.0029916763305664062
0.012970685958862305
0.0060002803802490234
0.014939308166503906
0.00901174545288086
0.047556161880493164
0.06188464164733887
0.0
0.010965108871459961
0.06684494018554688
0.012949705123901367
0.042352914810180664
0.10774922370910645
0.11864519119262695
0.0
0.02393507957458496
0.0
0.1346416473388672
0.0039920806884765625
0.01698470115661621
0.004953145980834961
0.0010037422180175781
0.0039825439453125
0.008014440536499023
0.05481886863708496
0.0010311603546142578
0.019910812377929688
0.0019948482513427734
0.09076619148254395
0.004979133605957031
0.23542428016662598
0.015904903411865234
0.012965917587280273
0.011999845504760742
0.0
0.027925968170166016
0.001961231231689453
0.038896799087524414
0.00997304916381836
0.0
0.0009975433349609375
0.03196573257446289
0.002945423126220703
0.000993490219116211
0.00408482551574707
0.05883526802062988
0.06682133674621582
0.043885231018066406
0.0967416763305664
0.009981155395507812
0.0010039806365966797
0.0377039909362793
0.022916316986083984
0.008974552154541016
0.0
0.06083273887634277
0.01894855499267578
0.01196908950805664
0.030933618545532227
0.05982685089111328
0.003986835479736328
0.0
0.000997304916381836
0.07244324684143066
0.02190566062927246
0.019967317581176758
0.0169370174407959
0.04851484298706055
0.0827338695526123
0.09936332702636719
0.0019948482513427734
0.10221147537231445
0.007978677749633789
0.008975028991699219
0.055780649185180664
0.12366414070129395
0.057843685150146484
0.0029914379119873047
0.017953872680664062
0.01396322250366211
0.07779216766357422
0.0
0.03593778610229492
0.0029942989349365234
0.01097249984741211
0.002988100051879883
0.019911766052246094
0.04587602615356445
0.06383061408996582
0.004986763000488281
0.14963841438293457
0.1545848846435547
0.006980180740356445
0.004987478256225586
0.15029358863830566
0.00698089599609375
0.0029926300048828125
0.0029935836791992188
0.01695394515991211
0.02094411849975586
0.007978677749633789
0.08378195762634277
0.04388117790222168
0.0049860477447509766
0.002992391586303711
0.00698089599609375
0.02094411849975586
0.000997781753540039
0.01495981216430664
0.000997304916381836
0.0
0.003989219665527344
0.0019948482513427734
0.006981611251831055
0.03590869903564453
0.007978200912475586
0.05385637283325195
0.014959573745727539
0.026928186416625977
0.0009987354278564453
0.07280421257019043
0.003988742828369141
0.0009963512420654297
0.0474088191986084
0.0069828033447265625
0.006979703903198242
0.08976030349731445
0.004987239837646484
0.012975454330444336
0.003983497619628906
0.039888620376586914
0.005984783172607422
0.010970354080200195
0.018949031829833984
0.01595783233642578
0.014959573745727539
0.012967109680175781
0.26833343505859375
0.017935752868652344
0.011984109878540039
0.03385734558105469
0.07380366325378418
0.03989267349243164
0.015967130661010742
0.001992940902709961
0.021967411041259766
0.10673952102661133
0.003988981246948242
0.0
0.012076139450073242
0.008971214294433594
0.014969348907470703
0.041879892349243164
0.02496170997619629
0.002961874008178711
0.02297043800354004
0.0059511661529541016
0.01647210121154785
0.039894819259643555
0.004021406173706055
0.020909786224365234
0.006983280181884766
0.00700688362121582
0.17919707298278809
0.08666372299194336
0.005950450897216797
0.002030611038208008
0.003963470458984375
0.008003711700439453
0.013961076736450195
0.006983280181884766
0.012964487075805664
0.014999628067016602
0.0059812068939208984
0.0827786922454834
0.007941722869873047
0.016009092330932617
0.001943349838256836
0.013008356094360352
0.009983301162719727
0.03784465789794922
0.02696990966796875
0.0019991397857666016
0.026900529861450195
0.039878129959106445
0.018950700759887695
0.00797724723815918
0.021938562393188477
0.08630657196044922
0.019946813583374023
0.043881893157958984
0.026928424835205078
0.005983829498291016
0.002991914749145508
0.003989219665527344
0.04886937141418457
0.0019943714141845703
0.015992164611816406
0.15857577323913574
0.06085658073425293
0.08377695083618164
0.0029969215393066406
0.02287888526916504
0.04887223243713379
0.029953956604003906
0.018912076950073242
0.07385635375976562
0.003936767578125
0.05189776420593262
0.017916202545166016
0.0009968280792236328
0.003989458084106445
0.007033586502075195
0.029906272888183594
0.016951322555541992
0.02094435691833496
0.0
0.006944894790649414
0.0019953250885009766
0.0040166378021240234
0.003961086273193359
0.022939682006835938
0.004025459289550781
0.02750539779663086
0.007978677749633789
0.013929128646850586
0.001027822494506836
0.04488492012023926
0.007969856262207031
0.05786490440368652
0.011967182159423828
0.003027200698852539
0.003993034362792969
0.0069730281829833984
0.017920732498168945
0.010972976684570312
0.029973745346069336
0.007959365844726562
0.3157236576080322
0.03690361976623535
0.01193094253540039
0.00997304916381836
0.005984067916870117
0.014963626861572266
0.0009953975677490234
0.02496933937072754
0.0009610652923583984
0.04388260841369629
0.023969173431396484
0.06084012985229492
0.005983591079711914
0.010970830917358398
0.011985301971435547
0.08674812316894531
0.009939432144165039
0.005020618438720703
0.007978200912475586
0.05884575843811035
0.0478358268737793
0.0060384273529052734
0.06482958793640137
0.013961315155029297
0.06580471992492676
0.04982924461364746
0.11170339584350586
0.000997781753540039
0.03789854049682617
0.001993894577026367
0.013962507247924805
0.027924060821533203
0.000997304916381836
0.04288768768310547
0.04896044731140137
0.002954244613647461
0.008011817932128906
0.035894155502319336
0.07946443557739258
0.005947113037109375
0.04693126678466797
0.020942211151123047
0.061779022216796875
0.0010344982147216797
0.045874834060668945
0.0049860477447509766
0.017953157424926758
0.02293705940246582
0.004988908767700195
0.0059833526611328125
0.005950212478637695
0.02961444854736328
0.003988742828369141
0.0359034538269043
0.011968612670898438
0.0010328292846679688
0.012965202331542969
0.020457983016967773
0.005983829498291016
0.04588031768798828
0.003988027572631836
0.028922319412231445
0.005983591079711914
0.023449182510375977
0.00800466537475586
0.00396728515625
0.19031047821044922
0.006003856658935547
0.00299072265625
0.004988431930541992
0.011971235275268555
0.01495814323425293
0.01194000244140625
0.025148630142211914
0.10818696022033691
0.0049860477447509766
0.0069963932037353516
0.016976356506347656
0.020908117294311523
0.03889608383178711
0.015955209732055664
0.005984067916870117
0.0019948482513427734
0.06782102584838867
0.0070154666900634766
0.03692030906677246
0.1047220230102539
0.0009410381317138672
0.006981372833251953
0.00099945068359375
0.0009963512420654297
0.027923107147216797
0.012967824935913086
0.1605701446533203
0.0019941329956054688
0.009015321731567383
0.010931253433227539
0.008025169372558594
0.03286552429199219
0.0030324459075927734
0.03889632225036621
0.013959884643554688
0.027927160263061523
0.029921293258666992
0.034902095794677734
0.014962911605834961
0.0009579658508300781
0.0010330677032470703
0.003993034362792969
0.07880783081054688
0.001994609832763672
0.01795506477355957
0.02094244956970215
0.003576517105102539
0.0
0.015635251998901367
0.02106928825378418
0.009016990661621094
0.0050318241119384766
0.0029952526092529297
0.03614234924316406
0.014926671981811523
0.002948760986328125
0.001999378204345703
0.03894686698913574
0.0608363151550293
0.0019948482513427734
0.032918691635131836
0.025869131088256836
0.005046367645263672
0.1408545970916748
0.015957355499267578
0.0
0.018952608108520508
0.0388951301574707
0.002033233642578125
0.0029909610748291016
0.04587531089782715
0.016956329345703125
0.002955198287963867
0.004025936126708984
0.011971473693847656
0.0029773712158203125
0.2134091854095459
0.0049800872802734375
0.001999378204345703
0.03191208839416504
0.05385756492614746
0.10970520973205566
0.02792668342590332
0.008974552154541016
0.02094411849975586
0.001994609832763672
0.016954898834228516
0.010007858276367188
0.011994123458862305
0.10266590118408203
0.014020442962646484
0.0029876232147216797
0.0318601131439209
0.049867868423461914
0.05684709548950195
0.0009980201721191406
0.004985809326171875
0.0379030704498291
0.09927678108215332
0.014958381652832031
0.0009984970092773438
0.011936426162719727
0.0029909610748291016
0.0548858642578125
0.10771751403808594
0.03390955924987793
0.0029630661010742188
0.010019302368164062
0.0458221435546875
0.024947166442871094
0.018993377685546875
0.0009975433349609375
0.00398564338684082
0.020891189575195312
0.02991962432861328
0.0
0.030917644500732422
0.0020542144775390625
0.01991558074951172
0.013934135437011719
0.0319514274597168
0.01495981216430664
0.015957355499267578
0.0009958744049072266
0.04290413856506348
0.0
0.009975910186767578
0.029922962188720703
0.05180168151855469
0.06887388229370117
0.029862403869628906
0.008013486862182617
0.0019953250885009766
0.0588071346282959
0.019979476928710938
0.0029947757720947266
0.0009617805480957031
0.02497267723083496
0.025890111923217773
0.0668792724609375
0.030860424041748047
0.006981611251831055
0.09175515174865723
0.007978200912475586
0.000997304916381836
0.010970830917358398
0.012965679168701172
0.012964963912963867
0.06283235549926758
0.056847333908081055
0.002992391586303711
0.07542729377746582
0.007970094680786133
0.05681943893432617
0.009008646011352539
0.0009999275207519531
0.06885075569152832
0.01791858673095703
0.01499795913696289
0.012967109680175781
0.00494837760925293
0.009034872055053711
0.03089594841003418
0.033875465393066406
0.08684492111206055
0.07676005363464355
0.018949031829833984
0.024935007095336914
0.017954111099243164
0.006548404693603516
0.01900458335876465
0.0010023117065429688
0.0
0.017948150634765625
0.005985736846923828
0.0019931793212890625
0.12936019897460938
0.005000591278076172
0.0010213851928710938
0.025916337966918945
0.01296377182006836
0.026893138885498047
0.07583141326904297
0.07181024551391602
0.006983280181884766
0.01795220375061035
0.020941734313964844
0.003997325897216797
0.06283020973205566
0.21837782859802246
0.010026693344116211
0.0029909610748291016
0.01795339584350586
0.02995610237121582
0.0
0.0
0.027889251708984375
0.015946388244628906
0.007977962493896484
0.02393937110900879
0.012961387634277344
0.02597188949584961
0.0698096752166748
0.000995635986328125
0.00993967056274414
0.0009984970092773438
0.02094268798828125
0.017954111099243164
0.10172605514526367
0.10975050926208496
0.01196742057800293
0.01495981216430664
0.0109710693359375
0.0029916763305664062
0.006036043167114258
0.0059413909912109375
0.0039784908294677734
0.009047269821166992
0.001979827880859375
0.05486011505126953
0.03989362716674805
0.03889632225036621
0.023935794830322266
0.007978677749633789
0.006981372833251953
0.016955852508544922
0.06582283973693848
0.001994609832763672
0.003989696502685547
0.003988742828369141
0.0892801284790039
0.010970354080200195
0.04389643669128418
0.009968042373657227
0.007977008819580078
0.028922080993652344
0.042885541915893555
0.0020303726196289062
0.0
0.0
0.009451627731323242
0.05086374282836914
0.05685067176818848
0.007040262222290039
0.00498199462890625
0.0
0.003991127014160156
0.0249173641204834
0.004009246826171875
0.0049631595611572266
0.008007526397705078
0.0
0.005974292755126953
0.21082115173339844
0.024934053421020508
0.028925418853759766
0.016997337341308594
0.0010044574737548828
0.00493311882019043
0.008976221084594727
0.005040645599365234
0.0049707889556884766
0.0020112991333007812
0.10765981674194336
0.09877133369445801
0.016951799392700195
0.005988597869873047
0.0030279159545898438
0.010933876037597656
0.018986940383911133
0.005948066711425781
0.021941423416137695
0.012964963912963867
0.02892279624938965
0.026928186416625977
0.025931835174560547
0.009008169174194336
0.02589559555053711
0.005984067916870117
0.0868067741394043
0.0009987354278564453
0.006941080093383789
0.23637628555297852
0.0029916763305664062
0.11668753623962402
0.035942792892456055
0.008970022201538086
0.01459193229675293
0.03594231605529785
0.011966466903686523
0.014923095703125
0.01599431037902832
0.008972644805908203
0.011948823928833008
0.03989267349243164
0.012965202331542969
0.0019948482513427734
0.009973287582397461
0.0029916763305664062
0.01795196533203125
0.05136895179748535
0.013962745666503906
0.011970996856689453
0.004983663558959961
0.02144932746887207
0.024934053421020508
0.00698399543762207
0.020952939987182617
0.011973857879638672
0.016965150833129883
0.0
0.13080620765686035
0.04106402397155762
0.006048679351806641
0.01295924186706543
0.1544017791748047
0.006981611251831055
0.07784318923950195
0.01795172691345215
0.022450923919677734
0.0050389766693115234
0.0019428730010986328
0.01894855499267578
0.28298234939575195
0.028920412063598633
0.00698089599609375
0.01894974708557129
0.017950057983398438
0.022938966751098633
0.000997304916381836
0.05086374282836914
0.0
0.008976459503173828
0.030918121337890625
0.01595759391784668
0.01296687126159668
0.0
0.0029892921447753906
0.0009970664978027344
0.018949031829833984
0.003989458084106445
0.005985736846923828
0.003988504409790039
0.01296544075012207
0.0
0.009009361267089844
0.00395965576171875
0.005980730056762695
0.0019948482513427734
0.030917644500732422
0.12767791748046875
0.057824134826660156
0.012971878051757812
0.06482195854187012
0.006981611251831055
0.0029914379119873047
0.004008054733276367
0.1126546859741211
0.008976936340332031
0.012970447540283203
0.010964632034301758
0.038895368576049805
0.017952919006347656
0.03242206573486328
0.05086565017700195
0.01497507095336914
0.01295161247253418
0.010962247848510742
0.0
0.05190229415893555
0.03091740608215332
0.0358738899230957
0.0069811344146728516
0.04294228553771973
0.0158994197845459
0.007979154586791992
0.006038665771484375
0.008975744247436523
0.19243574142456055
0.004496335983276367
0.024930953979492188
0.019947052001953125
0.001995086669921875
0.003991603851318359
0.02193927764892578
0.08831167221069336
0.004992961883544922
0.03310656547546387
0.005983591079711914
0.01795220375061035
0.009017467498779297
0.03291630744934082
0.021936655044555664
0.0
0.026435136795043945
0.0010342597961425781
0.011929750442504883
0.004986763000488281
0.019946575164794922
0.0019960403442382812
0.037937164306640625
0.025522947311401367
0.020938396453857422
0.03590679168701172
0.02393627166748047
0.0009996891021728516
0.005981922149658203
0.02393507957458496
0.01994633674621582
0.0009622573852539062
0.002033233642578125
0.013930082321166992
0.014954566955566406
0.023933887481689453
0.036902666091918945
0.01799321174621582
0.0009963512420654297
Average time: 0.02609748673439026 Seconds             Total time: 26.09748673439026 Seconds
