0.26429200172424316
0.000997304916381836
0.1406245231628418
0.010969877243041992
0.06682133674621582
0.054854393005371094
0.24790549278259277
0.014961481094360352
0.18606042861938477
0.030910015106201172
0.0468747615814209
0.04491782188415527
0.019944190979003906
0.057501792907714844
0.1595752239227295
0.024933576583862305
0.11268734931945801
0.041898250579833984
0.1744983196258545
0.043883323669433594
0.16260266304016113
0.06578540802001953
0.053856849670410156
0.21593475341796875
0.14248943328857422
0.29322314262390137
0.04393482208251953
0.15205740928649902
0.2722737789154053
0.332111120223999
0.10172724723815918
0.02592945098876953
0.0009975433349609375
0.003989219665527344
0.006982088088989258
0.3730278015136719
0.1805739402770996
0.1283855438232422
0.021944522857666016
0.008970975875854492
0.1146399974822998
0.002053499221801758
0.05884432792663574
0.02692389488220215
0.027905941009521484
0.04185128211975098
0.011008739471435547
0.001955747604370117
0.054854631423950195
0.4468057155609131
0.039893388748168945
0.3347175121307373
0.07581591606140137
0.09572982788085938
0.0931239128112793
0.010930538177490234
0.016956567764282227
0.0379338264465332
0.011970043182373047
0.16657114028930664
0.19043445587158203
0.0658254623413086
0.07978653907775879
0.09275412559509277
0.003993511199951172
0.01495361328125
0.22938752174377441
0.03398942947387695
0.39993929862976074
0.3102245330810547
0.049814462661743164
0.4418165683746338
0.1042945384979248
0.004023313522338867
0.0
0.06383061408996582
0.4705538749694824
0.1910717487335205
0.2097630500793457
0.07982516288757324
0.010971307754516602
0.000995635986328125
0.21040129661560059
0.43782925605773926
0.04291558265686035
0.06279897689819336
0.2514486312866211
0.01101064682006836
0.0419306755065918
0.0445554256439209
0.2375349998474121
0.04096531867980957
0.030840635299682617
0.22240972518920898
0.07483935356140137
0.04587364196777344
0.1385962963104248
0.003988504409790039
1.0432114601135254
0.029918670654296875
0.03596138954162598
0.10566282272338867
0.4212496280670166
0.042145729064941406
0.00803995132446289
0.03301119804382324
0.027928829193115234
0.14960145950317383
0.1047213077545166
0.005980730056762695
0.09371328353881836
0.05684709548950195
1.0212297439575195
0.04384779930114746
0.013998270034790039
0.06283283233642578
0.046874046325683594
0.000997304916381836
0.41543054580688477
0.09280753135681152
0.2134096622467041
0.17078280448913574
0.21230220794677734
0.045931339263916016
0.0009963512420654297
0.42594456672668457
0.0219571590423584
0.3302280902862549
0.18797779083251953
0.011961221694946289
0.03701281547546387
0.03900766372680664
0.027894258499145508
0.1697394847869873
0.0459141731262207
0.0827794075012207
0.003951311111450195
0.012003421783447266
0.17050743103027344
0.1815474033355713
0.0
0.23038578033447266
0.05188345909118652
0.21270442008972168
0.03390812873840332
0.02789306640625
0.3485689163208008
0.0827796459197998
0.00797891616821289
0.08371686935424805
0.5654892921447754
0.09076213836669922
0.34758973121643066
0.021028518676757812
0.5443863868713379
0.016962051391601562
0.35705995559692383
0.0029935836791992188
0.2363121509552002
0.10272431373596191
0.034906864166259766
0.3071784973144531
0.009973764419555664
0.10688900947570801
0.6190896034240723
0.006979703903198242
0.14860844612121582
0.003983974456787109
0.01894998550415039
0.005029439926147461
0.028917789459228516
0.04088950157165527
0.08473563194274902
0.5546090602874756
0.003978729248046875
0.25686120986938477
0.029917001724243164
0.005953311920166016
0.4522085189819336
0.0019958019256591797
0.007944822311401367
0.06086993217468262
0.06579136848449707
0.017002344131469727
0.0039424896240234375
0.17553043365478516
0.04892230033874512
0.6536746025085449
0.3335001468658447
0.027873516082763672
0.06685614585876465
0.12766146659851074
0.01293039321899414
0.15263080596923828
0.06877946853637695
0.03892827033996582
0.056812286376953125
0.1735382080078125
0.0957632064819336
0.006985664367675781
0.10223793983459473
0.11270022392272949
0.11676263809204102
0.0498659610748291
0.31484508514404297
0.04288220405578613
0.12869000434875488
0.1945028305053711
0.18648052215576172
0.03789830207824707
0.26377034187316895
0.003989219665527344
0.02194356918334961
0.07386422157287598
0.23537325859069824
0.19197320938110352
0.10571026802062988
0.029938220977783203
0.057862281799316406
0.8008577823638916
0.15929055213928223
0.047872304916381836
0.03291034698486328
0.021942853927612305
0.10431599617004395
0.06344270706176758
0.0019063949584960938
0.10572266578674316
0.05487561225891113
0.07075762748718262
0.006978750228881836
0.15558123588562012
0.09973645210266113
0.07283687591552734
0.004952192306518555
0.04491710662841797
0.05182361602783203
0.03989291191101074
0.03789877891540527
0.35480237007141113
0.1571958065032959
0.015957355499267578
0.5466783046722412
0.022936344146728516
0.0568087100982666
0.0219419002532959
0.045931339263916016
0.03884124755859375
0.007978439331054688
0.03590679168701172
0.04692792892456055
0.001993417739868164
0.065826416015625
0.003933906555175781
0.0009970664978027344
0.068817138671875
0.030915498733520508
0.005983829498291016
0.00797891616821289
0.3111865520477295
0.014961004257202148
0.734593391418457
0.1217203140258789
0.0837697982788086
0.9294874668121338
0.05690288543701172
0.016897201538085938
0.23053669929504395
0.05184459686279297
0.10268640518188477
0.2603471279144287
0.15828180313110352
0.1799178123474121
0.11117410659790039
0.007977962493896484
0.08677315711975098
0.09335613250732422
0.058844804763793945
0.02294301986694336
0.07880687713623047
0.13533282279968262
0.8143167495727539
0.16756629943847656
0.03784489631652832
0.13415241241455078
0.1681222915649414
0.08876872062683105
0.12466192245483398
0.009032964706420898
0.7061147689819336
0.046838998794555664
0.10475587844848633
0.3934626579284668
0.02416205406188965
0.21010708808898926
0.14954686164855957
0.03889608383178711
0.3617382049560547
0.016957998275756836
0.09015369415283203
0.08582758903503418
0.009972095489501953
0.0019392967224121094
0.020946025848388672
0.022977590560913086
1.138474702835083
0.0169525146484375
0.001995086669921875
0.012967586517333984
0.07777690887451172
0.027924776077270508
0.0020301342010498047
0.21897339820861816
0.031912803649902344
0.18949651718139648
0.0019545555114746094
0.5136277675628662
0.006981849670410156
0.12379050254821777
0.014026880264282227
0.13216924667358398
0.003991603851318359
0.08176541328430176
0.07475924491882324
0.24091029167175293
0.01996445655822754
0.001993894577026367
0.02692866325378418
0.02094411849975586
0.005967855453491211
0.8267519474029541
1.5575172901153564
0.28784704208374023
0.004986286163330078
0.13913559913635254
0.007978439331054688
0.2964506149291992
0.038895368576049805
0.02696371078491211
0.005980968475341797
0.3420889377593994
0.011930465698242188
0.27227258682250977
0.05486464500427246
0.48025965690612793
0.0010001659393310547
0.5535862445831299
0.015956878662109375
0.018950223922729492
0.07679462432861328
0.03190779685974121
0.10873937606811523
0.5577499866485596
0.5066571235656738
0.08676934242248535
0.03690004348754883
0.20844626426696777
0.16954612731933594
0.07878708839416504
0.053880929946899414
0.042900800704956055
0.29276037216186523
0.21742010116577148
0.16805815696716309
0.000997304916381836
0.20596098899841309
0.02296924591064453
0.04285287857055664
0.051918745040893555
0.07773637771606445
0.23141860961914062
0.002993345260620117
0.036919355392456055
0.11165904998779297
0.007963895797729492
0.4039609432220459
0.39397478103637695
0.07576155662536621
0.11273574829101562
0.03985929489135742
0.2184145450592041
0.14760565757751465
0.281292200088501
0.07779788970947266
0.4564507007598877
0.013925313949584961
0.027925968170166016
0.16455936431884766
0.2483971118927002
0.1485433578491211
0.13215994834899902
0.01595592498779297
0.039930105209350586
0.6811728477478027
0.0530397891998291
0.008976221084594727
0.5783672332763672
0.0567927360534668
0.2862696647644043
0.0
0.019951820373535156
0.09474062919616699
0.12671804428100586
0.01894974708557129
0.027913808822631836
0.003983736038208008
0.005979299545288086
0.0688169002532959
0.09375715255737305
0.32274889945983887
0.277268648147583
0.10876059532165527
0.8134615421295166
0.10375785827636719
0.08078670501708984
0.04389047622680664
0.012959718704223633
0.12961196899414062
0.08680915832519531
0.01890873908996582
0.12367033958435059
0.10372543334960938
0.4497952461242676
0.6394579410552979
0.004984378814697266
0.08591556549072266
0.05613350868225098
0.15084552764892578
0.1613619327545166
0.0
0.6392490863800049
0.03394961357116699
0.12169504165649414
0.03584766387939453
0.49177098274230957
0.12408685684204102
0.012478828430175781
0.014960050582885742
0.031972408294677734
0.04681563377380371
0.22893500328063965
0.021975278854370117
0.4198422431945801
0.09576225280761719
0.09369182586669922
0.06386470794677734
0.025929927825927734
0.012966632843017578
0.2080702781677246
0.057410240173339844
0.03190326690673828
0.49497199058532715
0.40518999099731445
0.0189516544342041
0.10870718955993652
0.0010001659393310547
0.13370990753173828
0.010915517807006836
0.17963027954101562
0.28575658798217773
0.07615971565246582
0.040898799896240234
0.07782936096191406
0.1462256908416748
0.019946813583374023
0.19597983360290527
0.06286954879760742
0.008975744247436523
0.07978558540344238
0.04787182807922363
0.03985786437988281
0.1326444149017334
0.08178257942199707
0.6533858776092529
0.02493143081665039
0.00399327278137207
0.041893720626831055
0.01694941520690918
0.09674191474914551
0.0109710693359375
0.5335745811462402
0.6612904071807861
0.06583023071289062
0.01196146011352539
0.04488110542297363
0.5426182746887207
0.054999589920043945
0.5619232654571533
0.024274349212646484
0.02195262908935547
0.639594554901123
0.11136579513549805
0.016892194747924805
0.023059368133544922
0.07020211219787598
0.8219738006591797
0.13163208961486816
0.014957666397094727
0.032912492752075195
0.005988359451293945
0.7473447322845459
0.018949031829833984
0.14911293983459473
0.02293848991394043
0.008976459503173828
0.08477330207824707
0.020943880081176758
0.015957355499267578
0.07081079483032227
0.0608372688293457
0.14960932731628418
0.04886054992675781
0.18251371383666992
0.10375452041625977
0.7843723297119141
0.0010311603546142578
0.11867117881774902
0.2861790657043457
0.0039899349212646484
0.01994466781616211
0.07978653907775879
0.01795196533203125
0.33315181732177734
0.00497889518737793
0.14162516593933105
0.054852962493896484
0.14162254333496094
0.04787015914916992
0.008976459503173828
0.009011268615722656
0.03990054130554199
0.16126656532287598
0.044937849044799805
0.026926517486572266
0.07474470138549805
0.01994633674621582
0.04887032508850098
0.07083845138549805
0.0668478012084961
0.23711109161376953
0.04837822914123535
0.5460901260375977
0.12766480445861816
0.001992464065551758
0.008974075317382812
0.09374880790710449
0.03490805625915527
0.0019927024841308594
0.003992795944213867
0.4377894401550293
0.0010569095611572266
0.004926443099975586
0.012966156005859375
0.04188990592956543
0.13264250755310059
0.13463997840881348
0.08581089973449707
0.05481433868408203
0.08582758903503418
0.1645033359527588
0.04788088798522949
0.0743868350982666
0.15980076789855957
0.005983114242553711
0.09992790222167969
0.02293848991394043
0.08047127723693848
0.03390169143676758
0.06684708595275879
0.03887653350830078
0.29474949836730957
0.0019943714141845703
0.03911948204040527
0.019945859909057617
0.02592945098876953
0.020942211151123047
0.8776707649230957
1.7115445137023926
0.0927886962890625
0.03392434120178223
0.13464689254760742
0.3051259517669678
0.07579898834228516
0.10970520973205566
0.3451399803161621
0.0019371509552001953
0.13065338134765625
0.2049543857574463
0.07384085655212402
0.006979703903198242
0.07879018783569336
0.017955541610717773
0.00299072265625
0.08473682403564453
0.04088926315307617
0.015955686569213867
0.06981325149536133
0.1625657081604004
0.06981420516967773
0.008976459503173828
0.016955852508544922
0.04487943649291992
0.3311154842376709
0.1515941619873047
0.0
0.18051791191101074
0.06287002563476562
0.05045151710510254
0.0792543888092041
0.013965606689453125
0.011005163192749023
0.0029973983764648438
0.32915711402893066
0.029920339584350586
0.001994609832763672
0.0036339759826660156
0.03690075874328613
0.016955137252807617
0.1506507396697998
0.07583189010620117
0.010970354080200195
0.06107330322265625
0.39748644828796387
0.0019943714141845703
0.6163966655731201
0.033959150314331055
0.3739798069000244
0.25279855728149414
0.06932735443115234
0.13065505027770996
0.12367653846740723
0.3096756935119629
0.08381319046020508
0.040889739990234375
0.05784797668457031
0.059856414794921875
0.007980585098266602
0.01096796989440918
0.026872873306274414
0.015958547592163086
0.04990077018737793
0.0009925365447998047
0.11875534057617188
0.27520084381103516
0.14660429954528809
0.03359627723693848
0.3436293601989746
0.04683685302734375
0.09475541114807129
0.0658578872680664
0.46373724937438965
0.02792525291442871
0.4189150333404541
0.016954421997070312
0.009975194931030273
0.10770940780639648
0.033499956130981445
0.0498349666595459
0.6433145999908447
0.11324834823608398
0.026947975158691406
0.11866998672485352
0.0648183822631836
0.18851757049560547
0.23037028312683105
0.024927854537963867
0.014921188354492188
0.009012699127197266
0.05880594253540039
0.02094745635986328
0.24650788307189941
0.3974013328552246
0.008977413177490234
0.025955677032470703
0.022949695587158203
0.229400634765625
0.11719441413879395
0.05485391616821289
0.01894831657409668
0.28523778915405273
0.04587554931640625
0.6443009376525879
0.14461922645568848
0.0
0.007978200912475586
0.12766504287719727
0.29429125785827637
0.005948543548583984
0.0927877426147461
0.004988193511962891
0.008977174758911133
0.15957188606262207
0.005975008010864258
0.11666107177734375
0.8548133373260498
0.032909393310546875
0.00698399543762207
0.19299602508544922
0.019008398056030273
0.000990152359008789
0.03989553451538086
0.09879612922668457
0.29917192459106445
0.017949581146240234
0.005986213684082031
0.1416463851928711
0.010911703109741211
1.4300150871276855
0.07280421257019043
0.018949270248413086
0.5186669826507568
0.5091722011566162
0.10469341278076172
0.17457032203674316
0.5504920482635498
0.001996278762817383
0.017953157424926758
0.013959407806396484
0.0009992122650146484
0.017950057983398438
0.4189009666442871
0.2702758312225342
0.39545726776123047
0.04088854789733887
0.14664912223815918
0.10276436805725098
0.048867225646972656
0.01891326904296875
0.12267208099365234
0.16856098175048828
0.014947175979614258
0.03640937805175781
0.18152546882629395
0.154585599899292
0.3025665283203125
0.16013884544372559
0.013954639434814453
0.007978439331054688
0.052861690521240234
0.04089045524597168
0.16052699089050293
0.006018638610839844
0.029941558837890625
0.02692866325378418
0.10566210746765137
0.005983829498291016
0.049866676330566406
0.12071490287780762
0.004987239837646484
0.1515958309173584
0.8086209297180176
0.005983591079711914
0.007977962493896484
0.08627557754516602
0.3306272029876709
0.04292798042297363
0.05980086326599121
0.09374523162841797
0.36637330055236816
0.004047870635986328
0.017903566360473633
0.13873672485351562
0.49700379371643066
0.06383609771728516
0.034905433654785156
0.5477702617645264
0.06633448600769043
0.018947839736938477
0.031915903091430664
0.1765286922454834
0.22543025016784668
0.02692866325378418
0.08178424835205078
0.3377416133880615
0.013962030410766602
1.5961167812347412
0.4503052234649658
0.18153715133666992
0.855283260345459
0.20399045944213867
0.03590273857116699
0.12363123893737793
0.32218337059020996
0.0578465461730957
0.05686593055725098
0.03584694862365723
0.20246028900146484
0.029920339584350586
0.04288530349731445
0.0069811344146728516
0.0887749195098877
0.057832956314086914
0.03789830207824707
0.2807612419128418
0.08132100105285645
0.1845548152923584
0.8059496879577637
0.016948699951171875
0.03291797637939453
0.009978294372558594
0.0628666877746582
0.024899005889892578
0.004987001419067383
0.2533226013183594
0.17519688606262207
0.05485415458679199
0.004985332489013672
0.00865030288696289
0.071807861328125
0.34459638595581055
0.0718069076538086
0.22536063194274902
0.13068866729736328
0.011974334716796875
0.06581783294677734
0.2084054946899414
0.01695537567138672
0.1925055980682373
0.005963802337646484
0.003026247024536133
0.011972904205322266
0.04886651039123535
0.9699211120605469
0.002993345260620117
0.046871185302734375
0.01993727684020996
0.058841705322265625
0.009974479675292969
0.15358948707580566
0.2174537181854248
0.29621410369873047
0.20145654678344727
0.5274085998535156
0.12717247009277344
0.001993894577026367
0.14760327339172363
0.037899017333984375
0.004987478256225586
0.01695561408996582
0.03394746780395508
0.04387927055358887
0.18247675895690918
0.45442891120910645
0.05291485786437988
0.276505708694458
0.010972738265991211
0.14815306663513184
0.1262195110321045
0.05485177040100098
0.0034983158111572266
0.14564776420593262
0.1306133270263672
1.1975140571594238
0.37317657470703125
0.08380270004272461
0.09671521186828613
0.05790448188781738
0.0059778690338134766
0.18744492530822754
0.04488039016723633
0.05086255073547363
0.1286935806274414
0.07576513290405273
0.033911943435668945
0.09474515914916992
0.004986763000488281
0.012964963912963867
0.010971784591674805
0.10406851768493652
0.09371137619018555
0.07436037063598633
0.16352629661560059
0.09774017333984375
0.18650245666503906
0.9072892665863037
0.0
0.04288601875305176
0.10430002212524414
0.001991748809814453
0.026930809020996094
0.005980491638183594
0.025931358337402344
0.02489638328552246
0.1186826229095459
0.22140908241271973
0.7545623779296875
0.5420966148376465
0.0299224853515625
0.0
0.28025341033935547
0.05743885040283203
1.8222637176513672
0.15857458114624023
0.026929378509521484
0.15918946266174316
0.03590655326843262
0.08281970024108887
0.0319371223449707
0.06264352798461914
0.034877777099609375
0.21337056159973145
0.022936344146728516
0.00897526741027832
0.5680041313171387
0.004987001419067383
0.15462327003479004
0.0
0.03490781784057617
0.2868795394897461
0.14833283424377441
0.037919044494628906
0.013961553573608398
0.03191661834716797
0.05978250503540039
0.12472105026245117
0.08776259422302246
0.033477783203125
0.030858278274536133
0.019985437393188477
0.11992621421813965
0.052858591079711914
0.26624464988708496
0.04986691474914551
0.01695418357849121
0.24933433532714844
0.11170196533203125
0.01499176025390625
0.010938644409179688
0.1715412139892578
0.126662015914917
0.018947839736938477
0.021564483642578125
0.42479825019836426
0.2037363052368164
0.14313006401062012
0.0169522762298584
0.024449586868286133
0.0747976303100586
0.000997781753540039
0.011968135833740234
0.27829456329345703
0.0009958744049072266
0.06083989143371582
0.28824901580810547
0.055830955505371094
0.0009951591491699219
0.036887168884277344
0.05486631393432617
0.09122920036315918
0.5115036964416504
0.0030324459075927734
0.04982757568359375
0.16156792640686035
0.059839487075805664
0.2453460693359375
0.001992940902709961
0.004986763000488281
0.011966705322265625
0.15362834930419922
0.1456282138824463
0.02188587188720703
0.0040514469146728516
0.025908470153808594
0.5827174186706543
0.017954587936401367
0.40006327629089355
0.010931968688964844
1.2043015956878662
0.13967037200927734
0.4001729488372803
2.4548449516296387
1.112508773803711
0.014345884323120117
1.2032570838928223
0.0009474754333496094
0.10072994232177734
0.053891897201538086
0.021947622299194336
0.01894235610961914
0.011969566345214844
0.006978511810302734
0.19108867645263672
0.003981828689575195
0.27480268478393555
0.06433963775634766
0.16606783866882324
0.09873437881469727
0.08780312538146973
0.007979393005371094
0.010970115661621094
0.0029914379119873047
0.01592230796813965
0.002991199493408203
0.004986763000488281
0.02094721794128418
0.3979334831237793
0.025929927825927734
0.0918111801147461
0.06838297843933105
0.12371969223022461
Average time: 0.14272348523139955 Seconds             Total time: 142.72348523139954 Seconds
