0.143629789352417
0.23919057846069336
0.2050487995147705
0.004986763000488281
0.35555338859558105
0.22543573379516602
0.02593064308166504
0.6070308685302734
0.13670563697814941
1.0043933391571045
0.02492380142211914
0.6123347282409668
0.12168025970458984
4.8264031410217285
1.9267776012420654
4.329739809036255
0.8463437557220459
0.3595421314239502
0.40894484519958496
1.380829095840454
0.1495985984802246
1.643157720565796
0.46837401390075684
0.719435453414917
0.03590250015258789
1.0297963619232178
0.26580190658569336
0.03889775276184082
0.4637584686279297
0.6388041973114014
2.04622745513916
0.6648855209350586
0.15654230117797852
1.62992525100708
0.6664552688598633
0.6558644771575928
0.007018089294433594
0.007979393005371094
0.10072970390319824
0.0039882659912109375
0.14961671829223633
0.08073043823242188
0.9936530590057373
1.5680251121520996
0.5595133304595947
0.011956453323364258
0.29425692558288574
0.08273935317993164
0.374997615814209
0.18949365615844727
1.5114812850952148
0.27821779251098633
0.9741768836975098
0.165510892868042
0.8268065452575684
0.034905433654785156
0.22494029998779297
0.2144777774810791
0.30817651748657227
5.563319444656372
0.5255911350250244
3.4557769298553467
1.2523040771484375
0.008020877838134766
0.22193288803100586
0.15757298469543457
0.3261396884918213
0.04192376136779785
1.4784579277038574
1.9009900093078613
0.6897444725036621
0.16356229782104492
5.34314751625061
1.5743496417999268
0.15556716918945312
0.2782256603240967
6.709624290466309
0.6950361728668213
1.5885181427001953
0.2492978572845459
0.48065662384033203
0.9668247699737549
0.08497142791748047
0.49856042861938477
0.7011451721191406
0.41190123558044434
0.12970304489135742
0.08930039405822754
2.545227289199829
2.303534507751465
0.12118935585021973
0.30721569061279297
0.33606433868408203
2.0796196460723877
0.8370485305786133
0.3018777370452881
0.33875346183776855
0.9963157176971436
0.054872989654541016
0.030545949935913086
0.025929927825927734
0.24733710289001465
0.6747982501983643
0.3570826053619385
0.4427790641784668
0.6163079738616943
0.015958786010742188
0.028920888900756836
0.06437873840332031
0.1370229721069336
1.2400057315826416
0.026927947998046875
0.861696720123291
0.04089069366455078
0.09075736999511719
0.3849942684173584
0.2693614959716797
3.371584415435791
0.1655571460723877
0.19946694374084473
0.17154145240783691
1.565911054611206
0.6099250316619873
0.11170125007629395
0.028922557830810547
0.3311152458190918
0.8129208087921143
0.022939205169677734
0.016954898834228516
0.7809123992919922
2.487744092941284
0.8383848667144775
0.012923479080200195
0.2403569221496582
0.06582427024841309
0.792473316192627
2.8649747371673584
0.8085787296295166
0.363619327545166
0.4388267993927002
1.3266174793243408
0.004986286163330078
0.09773921966552734
0.008017301559448242
0.06682085990905762
1.7543323040008545
2.433823823928833
1.0663809776306152
0.32901549339294434
0.2583432197570801
0.39294958114624023
0.7824079990386963
0.2777748107910156
0.1497478485107422
1.4967899322509766
0.26853466033935547
1.0145485401153564
0.8240542411804199
0.48122215270996094
0.6003589630126953
0.02643585205078125
0.12217903137207031
0.5171270370483398
1.3740322589874268
0.09883856773376465
2.033283233642578
0.10872125625610352
0.040493011474609375
0.09873557090759277
0.8797059059143066
0.2972605228424072
8.682274341583252
0.07775640487670898
0.11173748970031738
0.13227319717407227
0.03291487693786621
0.6295416355133057
0.05707669258117676
1.1784207820892334
0.2941012382507324
0.04890704154968262
0.5056800842285156
0.709284782409668
1.5052430629730225
0.08975982666015625
0.9155588150024414
0.5940022468566895
0.6033878326416016
0.04538726806640625
0.1396331787109375
0.3261382579803467
3.1027326583862305
0.8263216018676758
0.00498652458190918
0.42088770866394043
0.888885498046875
0.08361554145812988
2.510561943054199
0.592104434967041
0.16452956199645996
0.009032011032104492
0.046845197677612305
1.3210599422454834
0.04886770248413086
0.09928154945373535
5.442399978637695
0.2838726043701172
1.5499885082244873
0.030917882919311523
0.5021765232086182
1.6835665702819824
1.6300864219665527
1.4273757934570312
0.09175395965576172
0.3700675964355469
0.6918561458587646
0.0069789886474609375
1.6177647113800049
0.24436283111572266
0.6472687721252441
0.20271825790405273
2.2790708541870117
0.4427950382232666
4.366968154907227
6.25721549987793
1.5047087669372559
0.029885053634643555
0.034906625747680664
2.584087610244751
0.12067747116088867
0.6005456447601318
0.37164926528930664
1.6377027034759521
0.24877619743347168
0.9181065559387207
0.37100982666015625
1.0722885131835938
1.663752555847168
0.1595752239227295
1.3978300094604492
0.6213381290435791
0.04587841033935547
0.5476446151733398
0.1301860809326172
0.05245232582092285
0.04587912559509277
0.1615278720855713
4.672138452529907
0.33115577697753906
2.6033549308776855
0.011968374252319336
0.07035303115844727
0.19944095611572266
7.817960262298584
0.12368917465209961
0.382918119430542
0.6319582462310791
1.004215955734253
0.18900728225708008
0.3750171661376953
0.17650604248046875
0.5965971946716309
0.5623431205749512
0.011965751647949219
2.2787821292877197
0.3451857566833496
1.7335219383239746
0.0010056495666503906
0.17548799514770508
0.5610082149505615
0.8879053592681885
0.5884284973144531
0.4559028148651123
0.41488051414489746
0.56455397605896
0.20149612426757812
0.35215067863464355
0.05381917953491211
0.2772951126098633
0.0628366470336914
0.01196599006652832
1.0807483196258545
0.4772064685821533
0.7203388214111328
0.13364076614379883
0.3820176124572754
0.004986286163330078
0.03291177749633789
0.9410696029663086
1.4038329124450684
0.14162254333496094
1.7834553718566895
0.04786872863769531
0.3825662136077881
0.4682884216308594
0.5475771427154541
0.006979703903198242
3.688063144683838
0.047385215759277344
0.08676791191101074
0.06083846092224121
0.2483353614807129
0.0069811344146728516
0.24343037605285645
0.342132568359375
0.17609596252441406
1.358001708984375
0.27790331840515137
0.03595399856567383
1.5202507972717285
0.4283781051635742
2.377283811569214
0.3161599636077881
4.089275360107422
0.008975028991699219
0.427325963973999
0.16156792640686035
0.6804304122924805
4.75586199760437
0.6802244186401367
2.1116669178009033
1.6627779006958008
0.10178709030151367
0.5538527965545654
0.0009965896606445312
1.0279650688171387
0.4630160331726074
1.5420703887939453
0.6586129665374756
2.0272653102874756
0.6911590099334717
0.19248652458190918
0.02692866325378418
0.42648816108703613
0.1334695816040039
1.9444799423217773
2.4472787380218506
0.21672868728637695
0.07480597496032715
0.034151315689086914
0.30796170234680176
0.011967658996582031
0.4837064743041992
0.15857839584350586
0.2334141731262207
1.1607472896575928
0.15970778465270996
0.9524867534637451
0.3660752773284912
0.1790454387664795
0.6148796081542969
0.6827192306518555
0.2493758201599121
0.6184103488922119
2.523402214050293
0.10567998886108398
0.17056822776794434
0.16114091873168945
0.023971080780029297
0.27907824516296387
1.076148509979248
0.45730113983154297
0.6722226142883301
0.7709455490112305
0.06486678123474121
0.02094745635986328
0.025925636291503906
0.013962984085083008
0.33130526542663574
0.053858280181884766
0.7156705856323242
1.4452955722808838
1.997864007949829
0.9465887546539307
0.21935319900512695
0.09378862380981445
0.08142518997192383
1.3039109706878662
2.4596903324127197
0.21973061561584473
0.18453431129455566
0.05884146690368652
0.7929606437683105
0.530480146408081
1.2816486358642578
0.008974075317382812
0.27634477615356445
0.01296544075012207
0.0339512825012207
0.07679486274719238
0.08133292198181152
0.0059430599212646484
0.03545045852661133
0.029920101165771484
0.07026433944702148
0.29073643684387207
0.5954098701477051
0.4144120216369629
0.10870957374572754
2.937858819961548
0.1087644100189209
0.18351459503173828
0.38657450675964355
0.04288601875305176
0.3131260871887207
0.8552353382110596
0.4747908115386963
0.43978452682495117
0.22839117050170898
0.7999424934387207
0.12167644500732422
0.880232572555542
0.25037288665771484
2.481637477874756
0.05285835266113281
2.397418737411499
1.0262956619262695
0.04686927795410156
0.4528059959411621
0.33374595642089844
0.623298168182373
0.2978386878967285
1.1559271812438965
0.27725863456726074
0.15558290481567383
2.055701732635498
1.2094218730926514
0.45183300971984863
3.6262118816375732
0.6015820503234863
0.23138213157653809
0.25232386589050293
0.43085408210754395
0.1656031608581543
0.7226169109344482
0.20640945434570312
0.860004186630249
1.2536494731903076
0.23942947387695312
0.1420612335205078
0.8160474300384521
6.719321012496948
1.1277797222137451
0.03685784339904785
0.2997260093688965
1.0766332149505615
0.5645744800567627
0.000997304916381836
0.013963937759399414
0.149658203125
0.006979703903198242
0.27825403213500977
0.7006223201751709
0.5590155124664307
0.11070418357849121
0.07181024551391602
1.441063642501831
0.024935245513916016
0.3121638298034668
1.6896703243255615
0.2572746276855469
0.49569082260131836
0.13016653060913086
0.00498652458190918
0.7490208148956299
1.6078248023986816
0.23736882209777832
2.1560842990875244
0.08477020263671875
1.3554296493530273
0.995352029800415
1.021834135055542
1.4969489574432373
0.1147317886352539
0.15754103660583496
0.06585884094238281
1.0713539123535156
7.3163957595825195
1.1286969184875488
0.19547724723815918
0.8268353939056396
0.17451858520507812
0.3486146926879883
0.08178448677062988
0.14162373542785645
0.05684518814086914
1.8464317321777344
0.044878482818603516
0.4318816661834717
0.728712797164917
1.120445966720581
0.8912715911865234
0.36554503440856934
0.06537485122680664
0.2094416618347168
0.5914173126220703
0.05785036087036133
0.3649587631225586
4.388537645339966
0.09580779075622559
0.3012723922729492
0.054852962493896484
0.18051719665527344
1.7242193222045898
0.2443251609802246
0.18946528434753418
0.22612905502319336
0.484527587890625
1.0278372764587402
1.4213743209838867
6.5357911586761475
0.7676033973693848
3.296116590499878
0.6235544681549072
1.5557281970977783
2.202125310897827
4.664749622344971
0.1501474380493164
1.1149461269378662
0.006959438323974609
0.024955272674560547
0.308819055557251
0.12969708442687988
0.5945191383361816
0.5515203475952148
0.763052225112915
0.38199639320373535
1.2526285648345947
0.026924610137939453
6.379690170288086
0.0608372688293457
0.7257537841796875
0.04102635383605957
0.548912763595581
2.464711904525757
1.459695816040039
0.42287707328796387
0.9465932846069336
0.9953644275665283
0.33461570739746094
0.10626006126403809
0.44126176834106445
0.15957212448120117
0.040854692459106445
2.4287679195404053
0.9635252952575684
0.009952306747436523
1.2241177558898926
0.6373295783996582
0.09622454643249512
0.3945004940032959
1.6526446342468262
0.9296278953552246
0.26210784912109375
0.02491307258605957
0.046872854232788086
0.3356194496154785
0.04683804512023926
0.630314826965332
0.0918128490447998
1.9991095066070557
0.06188321113586426
0.17153573036193848
0.030096054077148438
0.009966135025024414
0.5929737091064453
1.1807231903076172
0.3152768611907959
0.13669443130493164
1.7137742042541504
0.14286184310913086
0.02643585205078125
0.011968135833740234
2.9698665142059326
0.23309946060180664
0.06981563568115234
0.7147150039672852
0.40155649185180664
1.0438451766967773
0.0638270378112793
0.029429197311401367
1.247835636138916
0.09774088859558105
0.031876564025878906
0.12035179138183594
0.041049957275390625
0.12908196449279785
0.03798341751098633
0.7958481311798096
0.06782317161560059
0.15011167526245117
0.6802620887756348
0.015903949737548828
0.16658616065979004
0.4940335750579834
5.895871162414551
0.4604661464691162
5.083133935928345
0.23532724380493164
0.01296544075012207
3.837658643722534
0.27678847312927246
0.03490734100341797
1.1761789321899414
0.005944728851318359
1.6574575901031494
0.13968157768249512
1.1856842041015625
13.470865964889526
0.02094435691833496
0.4218776226043701
0.40245699882507324
1.7010350227355957
0.285280704498291
4.366586208343506
1.0442357063293457
0.06482577323913574
1.2178699970245361
1.057746171951294
1.080742359161377
0.6462295055389404
0.13681960105895996
0.6188502311706543
0.00498652458190918
0.46475934982299805
1.1407294273376465
0.05884385108947754
2.7682127952575684
0.7376358509063721
0.18452858924865723
0.26193737983703613
0.014959335327148438
1.836348056793213
0.014960289001464844
2.976616382598877
3.308431386947632
0.5325758457183838
1.0043880939483643
2.0435829162597656
1.3070793151855469
0.021945953369140625
0.889132022857666
0.11726951599121094
0.29206109046936035
0.07382440567016602
0.5889520645141602
0.02825188636779785
0.1127011775970459
0.6931066513061523
0.15259242057800293
3.493905544281006
0.7610745429992676
0.046380043029785156
1.1844916343688965
0.22742938995361328
0.10069847106933594
0.07978367805480957
0.18649983406066895
0.9046287536621094
0.26963019371032715
0.820319414138794
0.8943593502044678
0.13315916061401367
0.011962652206420898
1.2606251239776611
0.2254033088684082
0.2144322395324707
1.9152414798736572
4.222830533981323
0.1805422306060791
0.6029503345489502
0.2195887565612793
0.06516480445861816
0.1410965919494629
1.187044620513916
1.5932276248931885
0.23497343063354492
1.7115120887756348
1.0925276279449463
0.05179309844970703
1.0379891395568848
0.3030681610107422
0.9863855838775635
0.1311490535736084
0.4531369209289551
1.0876202583312988
0.58164381980896
0.12218618392944336
0.0827784538269043
2.30509090423584
0.9212889671325684
1.3248741626739502
1.1796386241912842
0.39699625968933105
0.11763215065002441
0.10675048828125
1.9664208889007568
0.03789472579956055
0.004025936126708984
0.15754342079162598
0.5079784393310547
0.2713925838470459
0.18519139289855957
0.19359207153320312
0.521198034286499
0.120697021484375
4.651929616928101
0.1984696388244629
0.4857029914855957
1.606217861175537
2.1403539180755615
0.18746042251586914
0.34212255477905273
0.40293335914611816
0.72261643409729
2.814005136489868
1.5957746505737305
0.22734284400939941
0.34563136100769043
2.1657445430755615
4.037058591842651
2.834437608718872
0.05186128616333008
0.025968074798583984
0.24032068252563477
0.03993988037109375
2.2230937480926514
0.20246410369873047
2.7547311782836914
0.24434804916381836
0.5694777965545654
0.8023703098297119
0.053368330001831055
1.7451317310333252
1.443209171295166
0.04787111282348633
0.04397726058959961
2.092623233795166
0.3949763774871826
1.7897324562072754
0.13164448738098145
0.38137125968933105
4.259625434875488
0.06011247634887695
0.5106191635131836
1.4177143573760986
0.14560937881469727
4.335680246353149
0.6407942771911621
0.9564878940582275
0.962604284286499
0.06183218955993652
0.166595458984375
0.05289816856384277
0.4288766384124756
0.6373205184936523
0.36901259422302246
0.03490781784057617
0.1681382656097412
0.01994800567626953
15.87197494506836
0.08876299858093262
0.21743512153625488
0.19999456405639648
1.662883996963501
0.8444888591766357
1.1628928184509277
1.5051183700561523
0.10169363021850586
0.042883872985839844
2.4457178115844727
1.2751085758209229
1.222461223602295
0.9972972869873047
0.583493709564209
0.418393611907959
0.6363003253936768
0.031912803649902344
0.35760498046875
0.36353397369384766
1.640613079071045
0.2373671531677246
1.2452731132507324
0.6049056053161621
0.22106671333312988
2.3251070976257324
0.5974018573760986
0.032912492752075195
0.27526378631591797
1.0221693515777588
0.014959573745727539
1.829106330871582
3.2096145153045654
0.012966632843017578
0.12291169166564941
0.7850048542022705
3.09808349609375
0.1456127166748047
0.6978399753570557
0.029975414276123047
0.672950267791748
0.03784489631652832
2.058199882507324
4.445652723312378
0.0718083381652832
0.06984996795654297
0.24231553077697754
0.03896045684814453
0.2382969856262207
4.240715026855469
0.04587697982788086
0.5465414524078369
0.6822848320007324
0.0029921531677246094
0.4160492420196533
0.4877145290374756
0.4305706024169922
0.9315073490142822
0.06386494636535645
1.7698352336883545
1.05198335647583
0.37102532386779785
1.6021580696105957
0.4657933712005615
0.7668685913085938
1.008305549621582
2.71038556098938
0.07675671577453613
0.845036506652832
0.3002328872680664
0.22439789772033691
0.1842963695526123
0.7899026870727539
0.40990376472473145
9.58743667602539
1.5541965961456299
0.08932065963745117
0.6259212493896484
0.005978822708129883
0.5405750274658203
0.001995563507080078
0.20056700706481934
0.6857385635375977
0.09226441383361816
2.853580951690674
0.016904115676879883
0.7004525661468506
1.3827991485595703
0.013946771621704102
0.1042628288269043
0.3366124629974365
1.370542287826538
0.0543675422668457
0.019946813583374023
0.4897494316101074
2.115138292312622
0.2937650680541992
0.10479879379272461
0.07578802108764648
0.15160202980041504
1.0437965393066406
3.4167568683624268
0.7951288223266602
1.262563705444336
0.13660001754760742
0.024933815002441406
0.646353006362915
0.07579898834228516
1.243232011795044
0.4784703254699707
0.785860538482666
0.11968135833740234
0.5701937675476074
3.1702828407287598
0.1820816993713379
0.3869438171386719
1.045788049697876
0.19707489013671875
0.04781651496887207
0.30123090744018555
0.6552431583404541
0.04087042808532715
0.016988277435302734
0.13364672660827637
0.04390835762023926
0.2628030776977539
0.01795029640197754
0.2149364948272705
0.4547853469848633
0.5730586051940918
0.029922962188720703
0.0458371639251709
0.11469268798828125
1.4713053703308105
1.4853687286376953
0.4203774929046631
0.4922752380371094
0.5654551982879639
3.1966304779052734
1.0523805618286133
2.183237314224243
0.5671913623809814
2.054255723953247
0.029921531677246094
0.051407575607299805
0.15056395530700684
0.2862365245819092
0.45183491706848145
0.08472752571105957
0.08580636978149414
2.26617169380188
0.03452658653259277
0.14687132835388184
2.922813653945923
0.8692889213562012
0.6722812652587891
0.1256697177886963
0.21155023574829102
0.09719610214233398
0.9350118637084961
0.02892160415649414
3.5327186584472656
1.3635613918304443
0.11767125129699707
0.10472846031188965
0.7446527481079102
0.47672438621520996
0.5428247451782227
0.16618847846984863
0.011967658996582031
1.2499375343322754
0.04484295845031738
0.4523334503173828
0.4022977352142334
0.022939205169677734
0.6672248840332031
0.40894627571105957
0.15659880638122559
0.9619903564453125
0.6616976261138916
1.1011536121368408
0.1376476287841797
0.01795220375061035
0.004986286163330078
0.1047215461730957
0.08876180648803711
6.131511688232422
0.0029954910278320312
1.1628761291503906
0.24445414543151855
2.468374252319336
0.17349648475646973
0.1376326084136963
0.2829759120941162
0.2821962833404541
3.591153621673584
0.09175944328308105
0.1067514419555664
3.4024837017059326
1.5492653846740723
1.3817987442016602
0.026009559631347656
0.04895424842834473
0.035901546478271484
0.5106163024902344
2.3069870471954346
0.3341488838195801
0.44208192825317383
0.03889608383178711
0.2373652458190918
0.32166147232055664
0.5482437610626221
2.6076467037200928
0.04798626899719238
3.6295530796051025
0.6014149188995361
4.331765413284302
0.051851511001586914
0.16688323020935059
0.9974284172058105
0.9561634063720703
3.420747995376587
0.019943714141845703
0.44093942642211914
0.06283259391784668
0.40691113471984863
0.49014759063720703
0.10169339179992676
1.152153730392456
0.29195141792297363
0.8369617462158203
0.7739701271057129
0.16355347633361816
0.2697317600250244
2.0541911125183105
0.47316837310791016
0.1096487045288086
0.722287654876709
0.592820405960083
2.606182813644409
Average time: 0.8224884452819824 Seconds             Total time: 822.4884452819824 Seconds
