0.0
0.0
0.0009996891021728516
0.0
0.0
0.0
0.0
0.0
0.0
0.0
0.0
0.0
0.0
0.0
0.0
0.0
0.0
0.0
0.0
0.0
0.0
0.0009961128234863281
0.0
0.0
0.0
0.0
0.0009610652923583984
0.0
0.0
0.0
0.0
0.0
0.0009989738464355469
0.0
0.0
0.0
0.0019965171813964844
0.0
0.000993967056274414
0.0
0.0009970664978027344
0.0
0.0
0.0
0.0
0.0009989738464355469
0.0
0.0
0.0
0.0
0.0
0.0
0.0
0.0009996891021728516
0.0
0.0
0.0
0.0
0.0009953975677490234
0.0
0.0
0.0010380744934082031
0.0
0.0
0.0
0.0
0.0
0.0
0.000995635986328125
0.0
0.0
0.0
0.0
0.0009968280792236328
0.0
0.0009579658508300781
0.0
0.0
0.0
0.0
0.0
0.0
0.0
0.0
0.0
0.0
0.0
0.0009968280792236328
0.0
0.0
0.0
0.0
0.0
0.0
0.0
0.0009975433349609375
0.0
0.0
0.0
0.0
0.0
0.0009984970092773438
0.0
0.0
0.0
0.0
0.0010323524475097656
0.0
0.0
0.0
0.0
0.0
0.0009987354278564453
0.0
0.0
0.0
0.0
0.0009615421295166016
0.0
0.0
0.0
0.0
0.0
0.0010361671447753906
0.0
0.0
0.0009999275207519531
0.0
0.0
0.0
0.0
0.0
0.0
0.0009965896606445312
0.0
0.0
0.000997781753540039
0.0
0.0
0.0
0.0010311603546142578
0.0
0.0
0.0
0.0
0.0
0.0
0.0009996891021728516
0.0
0.0
0.0
0.0009944438934326172
0.0
0.0
0.0
0.0009980201721191406
0.0
0.0
0.0
0.0
0.0
0.0
0.0009961128234863281
0.0
0.0
0.0
0.0009610652923583984
0.0
0.0
0.0
0.0
0.0
0.0
0.0
0.0
0.0
0.0
0.0
0.0
0.0
0.0010297298431396484
0.0
0.0
0.0
0.0009567737579345703
0.0
0.0
0.0
0.0
0.0
0.00099945068359375
0.0
0.0
0.0
0.0
0.0
0.0009965896606445312
0.0
0.0
0.0
0.0
0.0
0.0
0.0009975433349609375
0.0
0.0
0.0009963512420654297
0.0009970664978027344
0.0
0.0
0.0
0.0
0.0
0.0
0.0
0.0
0.0
0.0
0.0
0.0009596347808837891
0.0
0.0
0.0
0.0
0.0009961128234863281
0.0010330677032470703
0.0
0.0
0.0
0.0009982585906982422
0.0
0.0
0.0
0.0
0.0
0.0
0.0009961128234863281
0.0
0.0
0.0
0.0
0.0
0.0
0.0
0.0
0.0
0.0
0.0
0.0
0.0
0.0009984970092773438
0.0
0.0
0.0
0.0009608268737792969
0.0
0.0
0.0
0.0
0.0
0.0
0.001068115234375
0.0
0.0
0.0
0.0009267330169677734
0.0
0.0
0.000997304916381836
0.0
0.0
0.0
0.0
0.0009992122650146484
0.0
0.001991748809814453
0.0
0.0
0.0
0.000997304916381836
0.0
0.0
0.0
0.0
0.0010008811950683594
0.0
0.0
0.0009930133819580078
0.0010082721710205078
0.0
0.0
0.0
0.0009927749633789062
0.0
0.0
0.0
0.0009975433349609375
0.0
0.0
0.0
0.0
0.0
0.0
0.0
0.0
0.0
0.0
0.0
0.0
0.0009961128234863281
0.0
0.0
0.0
0.0
0.0
0.0
0.0
0.0
0.0
0.000997781753540039
0.0
0.0
0.0
0.0
0.0
0.0
0.0
0.0
0.0
0.0
0.0009961128234863281
0.0
0.0
0.0
0.0
0.0
0.0
0.0
0.0010273456573486328
0.0
0.0
0.0
0.0
0.0
0.0
0.0
0.0
0.0009982585906982422
0.0
0.0
0.0009598731994628906
0.0
0.0
0.0
0.0
0.0
0.0
0.0
0.0
0.0010390281677246094
0.0
0.0
0.0
0.0
0.0
0.0
0.0009546279907226562
0.0
0.0
0.0
0.0
0.0010371208190917969
0.0
0.0009598731994628906
6.866455078125e-05
0.0
0.0
0.0
0.0009989738464355469
0.0
0.0
0.0
0.0
0.0
0.0
0.0
0.0
0.0
0.0
0.0
0.0
0.0
0.0010333061218261719
0.0
0.0
0.0
0.0
0.0
0.0
0.0
0.0
0.0
0.0
0.0009930133819580078
0.0
0.0
0.0
0.0
0.0
0.0
0.001033782958984375
0.0
0.0
0.0
0.0
0.0009622573852539062
0.0
0.0
0.0
0.0
0.0009970664978027344
0.0
0.0
0.0
0.0
0.0010347366333007812
0.0
0.0
0.0
0.0
0.0009591579437255859
0.0
0.0
0.0
0.0
0.000997304916381836
0.0
0.001009225845336914
0.0
0.0
0.0
0.0009946823120117188
0.0
0.0
0.0
0.0
0.000988006591796875
0.0
0.0
0.0009968280792236328
0.0
0.0
0.0
0.0009975433349609375
0.0
0.0
0.0
0.0010008811950683594
0.0
0.0
0.0
0.0
0.0
0.0
0.0
0.001028299331665039
0.0
0.0
0.0
0.0
0.0
0.0
0.0
0.0009601116180419922
0.0
0.0
0.0009975433349609375
0.0
0.0009987354278564453
0.0
0.0
0.0
0.0
0.0
0.0
0.0
0.0
0.000995635986328125
0.0
0.0
0.0
0.0
0.0
0.0
0.0
0.0010330677032470703
0.0
0.0
0.0
0.0
0.0
0.0
0.0
0.0
0.0
0.0
0.0
0.0
0.0
0.0
0.0009987354278564453
0.0
0.0
0.0019936561584472656
0.0
0.0009982585906982422
0.0
0.0
0.0
0.0009958744049072266
0.0009989738464355469
0.0
0.0
0.0
0.0
0.0
0.0
0.0009906291961669922
0.0
0.0
0.0010333061218261719
0.0
0.0
0.0010004043579101562
0.0
0.0
0.0
0.0
0.0
0.0
0.0
0.0
0.0
0.0009982585906982422
0.0
0.0
0.0
0.0
0.0
0.0
0.0009567737579345703
0.0
0.0
0.0
0.0
0.0
0.0
0.0
0.0
0.0
0.0
0.0
0.0009968280792236328
0.0
0.0
0.0
0.000997304916381836
0.0
0.0
0.0
0.0009984970092773438
0.0
0.0
0.0
0.0
0.0020151138305664062
0.0
0.0
0.0
0.0009777545928955078
0.0
0.0
0.0
0.0
0.000997304916381836
0.0
0.0009970664978027344
0.0
0.0009968280792236328
0.0
0.0
0.0
0.0
0.0010006427764892578
0.0
0.0
0.0009953975677490234
0.0
0.0009996891021728516
0.0
0.0
0.0010039806365966797
0.0
0.0
0.0
0.0009903907775878906
0.0
0.0009970664978027344
0.0
0.0
0.0
0.0
0.0
0.0
0.0
0.0009970664978027344
0.0
0.0
0.0
0.0
0.0
0.0
0.0009980201721191406
0.0
0.0
0.0
0.001010894775390625
0.0
0.0
0.0
0.0009870529174804688
0.0
0.0
0.0009963512420654297
0.0
0.0
0.0
0.0009965896606445312
0.0
0.0
0.0
0.0009949207305908203
0.0
0.0
0.0
0.0
0.0009989738464355469
0.0
0.0
0.0
0.0
0.0
0.0020294189453125
0.0
0.0
0.0
0.0
0.0009629726409912109
0.0
0.0
0.0
0.0
0.0
0.0
0.0
0.0
0.0
0.0009214878082275391
0.0
0.0
0.0
0.0
0.0009970664978027344
0.0010366439819335938
0.0009586811065673828
0.0010008811950683594
0.0
0.0009949207305908203
0.0
0.0009963512420654297
0.0
0.0009968280792236328
0.0
0.0
0.0
0.0
0.0009963512420654297
0.0009987354278564453
0.0
0.0
0.0
0.0
0.0
0.0
0.0009968280792236328
0.0009984970092773438
0.0
0.0
0.002990245819091797
0.0
0.0
0.0009958744049072266
0.000997781753540039
0.0
0.0010433197021484375
0.0009505748748779297
0.0
0.0
0.0
0.0
0.0
0.0009949207305908203
0.0
0.0009984970092773438
0.0
0.0010085105895996094
0.0
0.0009849071502685547
0.0
0.000997304916381836
0.0
0.0
0.0
0.0
0.0
0.0
0.0
0.0
0.0
0.0
0.0
0.0
0.0009963512420654297
0.0
0.0010020732879638672
0.0
0.0
0.0009920597076416016
0.0
0.0
0.00099945068359375
0.0
0.0
0.00102996826171875
0.0
0.0
0.0
0.0
0.0
0.0
0.0
0.0
0.0
0.0009703636169433594
0.0
0.0
0.0
0.0
0.0
0.0
0.0
0.0
0.0
0.0
0.0
0.0
0.0
0.0
0.000978708267211914
0.0
0.0
0.0
0.0
0.0
0.0009996891021728516
0.0
0.0009982585906982422
0.0
0.0
0.0
0.0009806156158447266
0.0
0.0
0.0
0.0
0.0
0.0
0.0
0.0
0.0
0.0
0.001028299331665039
0.0
0.0
0.0
0.0
0.0
0.0
0.0
0.00099945068359375
0.0
0.0
0.0009639263153076172
0.0
0.0010006427764892578
0.0
0.0
0.0010313987731933594
0.0
0.0
0.0
0.0010013580322265625
0.0
0.0
0.0
0.0
0.0
0.0009844303131103516
0.0
0.0010099411010742188
0.0
0.0
0.0009949207305908203
0.0
0.0
0.0
0.0
0.001997232437133789
0.0
0.0
0.0
0.0
0.0009953975677490234
0.0
0.0009953975677490234
0.0
0.0009987354278564453
0.0
0.0
0.0010061264038085938
0.0
0.0
0.0
0.0009925365447998047
0.0
0.0
0.0009963512420654297
0.0
0.0
0.0
0.0
0.0
0.0
0.0
0.0
0.0009930133819580078
0.0
0.0010020732879638672
0.0
0.0
0.0009932518005371094
0.0
0.0
0.0019953250885009766
0.0
0.0
0.0
0.0
0.0
0.001003265380859375
0.0
0.0
0.0
0.0
0.0
0.0009961128234863281
0.0
0.0
0.0
0.0009965896606445312
0.0
0.0
0.0
0.0009963512420654297
0.0
0.0
0.0
0.0
0.0009961128234863281
0.0
0.0
0.0
0.0
0.0
0.0
0.0
0.0
0.0009987354278564453
0.0009968280792236328
0.0
0.0
0.0
0.0
0.0
0.0
0.0009982585906982422
0.0
0.0010197162628173828
0.0
0.0010061264038085938
0.0
0.0
0.0
0.0
0.0009641647338867188
0.0
0.0
0.0
0.0
0.0
0.0
0.0
0.0
0.0
0.0
0.0
0.0
0.0
0.0
0.0
0.0
0.0
0.0
0.0
0.0
0.0
0.0
0.0
0.0
0.0
0.0009884834289550781
0.0
0.0
0.0
0.0
0.0
0.0
0.0
0.0
0.0
0.000997781753540039
0.0
0.0
0.0
0.0
0.0009961128234863281
0.0
0.0
0.0
0.0009970664978027344
0.0
0.0
0.0029938220977783203
0.0
0.0010037422180175781
0.0
0.0
0.0
0.0009911060333251953
0.0
0.0
0.0
0.0
0.0
0.0
0.000997304916381836
0.0
0.0
0.0
0.0
0.0
0.0
0.0009992122650146484
0.0
0.0
0.0
0.0010018348693847656
0.0009918212890625
0.0
0.0
0.0
0.0
0.0009968280792236328
0.0
0.0
0.0
0.0
0.0
0.0009970664978027344
0.0
Average time: 0.0003201448917388916 Seconds             Total time: 0.3201448917388916 Seconds
