0.0009975433349609375
0.0
0.001993894577026367
0.0
0.0019931793212890625
0.0009982585906982422
0.0029909610748291016
0.0
0.0035011768341064453
0.001998424530029297
0.001996755599975586
0.008971691131591797
0.0009984970092773438
0.0009958744049072266
0.0009980201721191406
0.0
0.002003192901611328
0.002989053726196289
0.0019893646240234375
0.0029909610748291016
0.0009968280792236328
0.000997304916381836
0.006982088088989258
0.0019960403442382812
0.0019943714141845703
0.0009942054748535156
0.000997781753540039
0.0009968280792236328
0.0019941329956054688
0.0
0.001995563507080078
0.0
0.0019936561584472656
0.0069811344146728516
0.001995563507080078
0.0059854984283447266
0.0009951591491699219
0.001996278762817383
0.0029654502868652344
0.001003265380859375
0.0019910335540771484
0.0
0.003983974456787109
0.0
0.0
0.004986286163330078
0.0009982585906982422
0.01795196533203125
0.00299072265625
0.000997781753540039
0.0
0.0
0.0
0.0009999275207519531
0.0
0.0
0.0019915103912353516
0.0009982585906982422
0.0009961128234863281
0.0009984970092773438
0.004988908767700195
0.0009949207305908203
0.003990650177001953
0.0
0.0009965896606445312
0.0
0.0
0.0
0.004985809326171875
0.0
0.0
0.0
0.003989696502685547
0.0
0.0009992122650146484
0.0019807815551757812
0.0059850215911865234
0.0
0.002035856246948242
0.005961179733276367
0.0019788742065429688
0.005030632019042969
0.000982046127319336
0.0
0.000997304916381836
0.0
0.0
0.0010020732879638672
0.0010077953338623047
0.0009989738464355469
0.0019469261169433594
0.0010538101196289062
0.0
0.0019366741180419922
0.0010652542114257812
0.0019881725311279297
0.001996278762817383
0.0009894371032714844
0.0010042190551757812
0.0
0.0009350776672363281
0.0010533332824707031
0.0019376277923583984
0.0
0.000997304916381836
0.0
0.0
0.0009968280792236328
0.000997304916381836
0.0
0.000997304916381836
0.0
0.0019960403442382812
0.0
0.0019855499267578125
0.0009965896606445312
0.0
0.0
0.0009980201721191406
0.0
0.0009970664978027344
0.0
0.0
0.0
0.003988981246948242
0.0010001659393310547
0.0
0.0
0.0
0.0010499954223632812
0.0
0.0
0.002000570297241211
0.0
0.0009360313415527344
0.0020406246185302734
0.0019495487213134766
0.0
0.0
0.0
0.0
0.000997781753540039
0.0010542869567871094
0.0019941329956054688
0.0
0.0
0.0009405612945556641
0.0
0.0
0.0010342597961425781
0.0
0.0
0.0
0.0020341873168945312
0.0009980201721191406
0.0
0.0009970664978027344
0.0
0.001997709274291992
0.0009565353393554688
0.0
0.0
0.0
0.0010838508605957031
0.0
0.0
0.0
0.0009584426879882812
0.0
0.000949859619140625
0.0
0.0
0.0
0.0009996891021728516
0.0009963512420654297
0.0
0.0019953250885009766
0.0
0.0009975433349609375
0.00698089599609375
0.005984783172607422
0.0
0.0
0.0019931793212890625
0.0
0.0
0.0019943714141845703
0.0
0.0009970664978027344
0.000997304916381836
0.000997304916381836
0.0
0.001995086669921875
0.0
0.0
0.0009970664978027344
0.000997304916381836
0.0010006427764892578
0.0
0.0
0.0
0.0
0.0
0.00102996826171875
0.004953861236572266
0.0029795169830322266
0.0
0.002991199493408203
0.0
0.0009992122650146484
0.0
0.0
0.0
0.0
0.0020105838775634766
0.0
0.0010101795196533203
0.0
0.0009660720825195312
0.000997781753540039
0.0009968280792236328
0.0
0.0
0.0
0.0
0.004987239837646484
0.0
0.0010263919830322266
0.0019922256469726562
0.0010039806365966797
0.0
0.0
0.005952358245849609
0.0009975433349609375
0.0
0.0009970664978027344
0.0
0.000995635986328125
0.0
0.0010333061218261719
0.000997304916381836
0.0009953975677490234
0.0009975433349609375
0.001999378204345703
0.0009925365447998047
0.0
0.001001119613647461
0.0
0.0009965896606445312
0.0
0.0
0.0
0.0
0.0
0.002992868423461914
0.0
0.0
0.0009975433349609375
0.0009970664978027344
0.0
0.0
0.000997781753540039
0.0
0.0
0.0009961128234863281
0.002991914749145508
0.002991199493408203
0.0009975433349609375
0.0
0.0009987354278564453
0.002004861831665039
0.0
0.0030019283294677734
0.0030052661895751953
0.0010123252868652344
0.0010209083557128906
0.0009648799896240234
0.0
0.002033233642578125
0.0
0.0
0.0
0.0009937286376953125
0.0
0.0
0.0
0.0
0.000997304916381836
0.0009622573852539062
0.0
0.0010597705841064453
0.0
0.003937721252441406
0.001985788345336914
0.0019941329956054688
0.002033233642578125
0.0
0.0009918212890625
0.0
0.0
0.0019936561584472656
0.0059854984283447266
0.0010101795196533203
0.0
0.0010199546813964844
0.001974344253540039
0.0
0.0009806156158447266
0.0
0.0
0.0
0.0020325183868408203
0.0009980201721191406
0.005950450897216797
0.0
0.0009922981262207031
0.0
0.000997781753540039
0.0
0.0
0.0
0.001032114028930664
0.001960277557373047
0.002991914749145508
0.0
0.0
0.0
0.0
0.0
0.0030257701873779297
0.0
0.0009639263153076172
0.0
0.0009992122650146484
0.0009984970092773438
0.0009944438934326172
0.0019936561584472656
0.0
0.000997781753540039
0.0
0.0019943714141845703
0.001994609832763672
0.0
0.0
0.0
0.0
0.0029921531677246094
0.000997304916381836
0.0
0.0009970664978027344
0.0019965171813964844
0.0009975433349609375
0.0
0.0
0.0
0.0
0.0009970664978027344
0.0
0.006981611251831055
0.001994609832763672
0.0019943714141845703
0.0
0.0
0.000997304916381836
0.0009975433349609375
0.000997304916381836
0.0
0.0
0.0009963512420654297
0.000997304916381836
0.0
0.0009968280792236328
0.0009975433349609375
0.0
0.0009975433349609375
0.0
0.0010347366333007812
0.0010006427764892578
0.0009579658508300781
0.0
0.0
0.0
0.0009968280792236328
0.003987312316894531
0.0019943714141845703
0.0
0.001995563507080078
0.0010035037994384766
0.0
0.0
0.0049817562103271484
0.001993894577026367
0.0
0.0009980201721191406
0.0029916763305664062
0.0
0.0019958019256591797
0.0009965896606445312
0.003987312316894531
0.0
0.0009980201721191406
0.0
0.0
0.001033782958984375
0.0
0.0009970664978027344
0.0
0.000997781753540039
0.0
0.0029554367065429688
0.0
0.0
0.00302886962890625
0.0
0.0
0.0009968280792236328
0.000997781753540039
0.0
0.0009975433349609375
0.0009992122650146484
0.0
0.0
0.0030303001403808594
0.0
0.0009970664978027344
0.0
0.0019965171813964844
0.0
0.000995635986328125
0.0009946823120117188
0.0
0.0009965896606445312
0.0009968280792236328
0.0009984970092773438
0.0
0.0059528350830078125
0.0010046958923339844
0.0
0.0019979476928710938
0.008998394012451172
0.0
0.0009999275207519531
0.000995635986328125
0.0
0.0
0.0019559860229492188
0.0
0.0010409355163574219
0.0
0.001005411148071289
0.0020265579223632812
0.0
0.0
0.0009963512420654297
0.0
0.0009615421295166016
0.0009984970092773438
0.0
0.0009963512420654297
0.0
0.0009980201721191406
0.009973526000976562
0.0
0.001993894577026367
0.0009963512420654297
0.0
0.0009970664978027344
0.0009970664978027344
0.001994609832763672
0.0009975433349609375
0.0
0.0
0.001994609832763672
0.0
0.000997304916381836
0.002031564712524414
0.0
0.0
0.0009908676147460938
0.0010018348693847656
0.0019991397857666016
0.0
0.0
0.0009589195251464844
0.0
0.001033782958984375
0.0019948482513427734
0.001001596450805664
0.0
0.0019905567169189453
0.0
0.0
0.00099945068359375
0.0
0.0009951591491699219
0.0009598731994628906
0.0
0.0
0.0
0.0
0.0009968280792236328
0.0
0.0
0.005022764205932617
0.0019626617431640625
0.0
0.0
0.0
0.0009953975677490234
0.0029909610748291016
0.0029921531677246094
0.000997304916381836
0.0019974708557128906
0.003987789154052734
0.001992940902709961
0.0019948482513427734
0.0
0.0020029544830322266
0.0009884834289550781
0.001993894577026367
0.0
0.001994609832763672
0.0
0.0029921531677246094
0.0019943714141845703
0.0
0.001033782958984375
0.0010008811950683594
0.0009927749633789062
0.0
0.0
0.0019969940185546875
0.0
0.0
0.0009980201721191406
0.0009992122650146484
0.0
0.0019903182983398438
0.0
0.0010013580322265625
0.000993490219116211
0.0
0.0009605884552001953
0.0
0.000997304916381836
0.0
0.0
0.0
0.0
0.0
0.0009965896606445312
0.0
0.0009970664978027344
0.0
0.0029938220977783203
0.0009953975677490234
0.000997304916381836
0.0
0.0
0.0009958744049072266
0.0
0.0019941329956054688
0.000997304916381836
0.001994609832763672
0.0
0.0
0.0
0.0
0.0020036697387695312
0.0009903907775878906
0.0019948482513427734
0.002034425735473633
0.0009930133819580078
0.00099945068359375
0.0
0.007981300354003906
0.0
0.001994609832763672
0.0
0.0
0.0
0.0
0.0010409355163574219
0.000990152359008789
0.000997304916381836
0.0
0.0
0.0019948482513427734
0.0
0.0009996891021728516
0.0
0.0009591579437255859
0.0029909610748291016
0.0
0.0
0.0
0.0
0.0010006427764892578
0.007995367050170898
0.0
0.0009851455688476562
0.0010368824005126953
0.0
0.0
0.002950906753540039
0.000997781753540039
0.0010352134704589844
0.0
0.0009961128234863281
0.0009970664978027344
0.0
0.0030012130737304688
0.0
0.0009970664978027344
0.0
0.000995635986328125
0.0009958744049072266
0.001992940902709961
0.0
0.0019903182983398438
0.0
0.001958131790161133
0.0
0.0010340213775634766
0.0019948482513427734
0.0009598731994628906
0.0
0.001051187515258789
0.0
0.0
0.0
0.0009791851043701172
0.001959562301635742
3.3855438232421875e-05
0.00196075439453125
0.0
0.0009965896606445312
0.0
0.010970830917358398
0.0
0.0
0.0010042190551757812
0.0009942054748535156
0.0069773197174072266
0.0
0.000997304916381836
0.0
0.0
0.0019941329956054688
0.0009975433349609375
0.0009965896606445312
0.0
0.0
0.0
0.0019948482513427734
0.00099945068359375
0.0
0.000995635986328125
0.002032041549682617
0.0
0.001003265380859375
0.0009894371032714844
0.0
0.0019593238830566406
0.00498652458190918
0.001035451889038086
0.0
0.0
0.000995635986328125
0.0
0.0
0.0
0.001994609832763672
0.0009613037109375
0.0
0.0009567737579345703
0.0029909610748291016
0.0
0.0
0.0009980201721191406
0.0
0.0009984970092773438
0.0
0.001031637191772461
0.0
0.0010008811950683594
0.0
0.0
0.0
0.000993967056274414
0.0009970664978027344
0.0
0.0019996166229248047
0.0009930133819580078
0.0
0.0009613037109375
0.001035451889038086
0.0
0.0010018348693847656
0.0
0.0
0.0010344982147216797
0.0
0.0
0.0009586811065673828
0.0009982585906982422
0.0030295848846435547
0.0
0.002953767776489258
0.0010323524475097656
0.0009987354278564453
0.0
0.002000093460083008
0.0
0.0
0.0009558200836181641
0.0010399818420410156
0.0
0.0
0.0009834766387939453
0.0
0.0009686946868896484
0.0
0.000997304916381836
0.0
0.001995086669921875
0.0009968280792236328
0.00399017333984375
0.006982326507568359
0.0
0.0009946823120117188
0.0
0.0
0.002993345260620117
0.0
0.0
0.0
0.0009975433349609375
0.0
0.0
0.0009965896606445312
0.000997304916381836
0.0
0.0029909610748291016
0.0009968280792236328
0.0
0.0
0.0
0.000997304916381836
0.0009975433349609375
0.0
0.000997781753540039
0.0
0.0019953250885009766
0.000997781753540039
0.0
0.0
0.0040242671966552734
0.0010004043579101562
0.0019919872283935547
0.0009980201721191406
0.000997304916381836
0.0
0.0
0.0009968280792236328
0.0
0.0010001659393310547
0.0
0.0
0.0
0.0
0.0009949207305908203
0.0009617805480957031
0.0010333061218261719
0.0
0.008948564529418945
0.0009908676147460938
0.000995635986328125
0.0
0.0009999275207519531
0.0
0.0
0.0
0.002988100051879883
0.0019948482513427734
0.0009984970092773438
0.0029981136322021484
0.0010161399841308594
0.0009748935699462891
0.001990079879760742
0.0019941329956054688
0.000997781753540039
0.000997304916381836
0.0
0.0
0.003988981246948242
0.0010368824005126953
0.0
0.0009593963623046875
0.0
0.0
0.0010356903076171875
0.0
0.0010018348693847656
0.0009925365447998047
0.0009953975677490234
0.000997781753540039
0.0
0.0019578933715820312
0.0
0.0
0.0009980201721191406
0.0
0.0
0.0
0.0010342597961425781
0.0
0.000997304916381836
0.0009603500366210938
0.001032114028930664
0.0
0.0009975433349609375
0.0
0.0
0.0
0.0009987354278564453
0.0
0.0009989738464355469
0.000997781753540039
0.0019936561584472656
0.0
0.0
0.001993417739868164
0.000997304916381836
0.0029916763305664062
0.001994609832763672
0.000997781753540039
0.0019941329956054688
0.0
0.0019936561584472656
0.0
0.003988981246948242
0.0009915828704833984
0.0
0.003988742828369141
0.0
0.0009968280792236328
0.0010075569152832031
0.0019843578338623047
0.0
0.0
0.0019958019256591797
0.0
0.0
0.0
0.0
0.0039441585540771484
0.0
0.002023458480834961
0.0009706020355224609
0.0009875297546386719
0.0020318031311035156
0.0009975433349609375
0.0
0.000997781753540039
0.0
0.0
0.0009953975677490234
0.0
0.0
0.0
0.0010027885437011719
0.0009942054748535156
0.0
0.0
0.0019571781158447266
0.0029926300048828125
0.0
0.0020296573638916016
0.0019960403442382812
0.002954721450805664
0.0
0.001035451889038086
0.0
0.0009975433349609375
0.0019948482513427734
0.0009884834289550781
0.0
0.0
0.0020017623901367188
0.0
0.0010020732879638672
0.0009903907775878906
0.0020012855529785156
0.001988649368286133
0.0019969940185546875
0.0
0.0
0.0009953975677490234
0.0
0.0
0.0
0.002992391586303711
0.000997781753540039
0.001995086669921875
0.0
0.0010344982147216797
0.0
0.0029735565185546875
0.0009822845458984375
0.0
0.0
0.0009946823120117188
0.0
0.0
0.0
0.0009922981262207031
0.003986835479736328
0.0
0.0009949207305908203
0.0
0.0009965896606445312
0.0
0.0
0.0
0.0
0.0019943714141845703
0.0
0.0009987354278564453
0.002997159957885742
0.0009913444519042969
0.0009958744049072266
0.0
0.0
0.0
0.0
0.0030269622802734375
0.0009617805480957031
0.0
0.0010330677032470703
0.0
0.000995635986328125
0.0
0.0009968280792236328
0.0
0.0
0.0020024776458740234
0.0009980201721191406
0.0
0.0019936561584472656
0.0009558200836181641
0.0
0.0029931068420410156
0.0009982585906982422
0.002992391586303711
0.002992868423461914
0.0029964447021484375
0.0
0.000993490219116211
0.009970664978027344
0.0
0.0
0.0
0.0
0.0
0.0009975433349609375
0.000997304916381836
0.003990650177001953
0.0009965896606445312
0.0009970664978027344
0.0009975433349609375
0.0009984970092773438
0.0029900074005126953
0.000997781753540039
0.0009989738464355469
0.0
0.0009968280792236328
0.0
0.0
0.0
0.0
0.0009963512420654297
0.0009975433349609375
0.0
0.0
0.000997304916381836
0.0009970664978027344
0.0
0.0
0.0
0.000997304916381836
0.0
0.0
0.0009992122650146484
0.0
0.004985332489013672
0.0009968280792236328
0.000997304916381836
0.0
0.0
Average time: 0.001057502269744873 Seconds             Total time: 1.057502269744873 Seconds
