0.0009963512420654297
0.019982337951660156
0.01592278480529785
0.02692723274230957
0.03390908241271973
0.030916213989257812
0.006981611251831055
0.0009968280792236328
0.011969804763793945
0.039891958236694336
0.008975982666015625
0.009038686752319336
0.02187943458557129
0.03091740608215332
0.000997781753540039
0.005990266799926758
0.010969400405883789
0.012005090713500977
0.024896621704101562
0.05385923385620117
0.034902334213256836
0.019949674606323242
0.006979465484619141
0.01595759391784668
0.011967658996582031
0.003989219665527344
0.03809165954589844
0.03194785118103027
0.0009984970092773438
0.012969255447387695
0.0039827823638916016
0.004994630813598633
0.022369861602783203
0.03790092468261719
0.0059850215911865234
0.0
0.003985166549682617
0.011934995651245117
0.031909942626953125
0.05185961723327637
0.01795220375061035
0.015921354293823242
0.0
0.01894831657409668
0.012966394424438477
0.05884242057800293
0.08078360557556152
0.0009984970092773438
0.055861473083496094
0.0019927024841308594
0.004987239837646484
0.010969877243041992
0.005983829498291016
0.014001607894897461
0.001992464065551758
0.008976221084594727
0.007941722869873047
0.008016109466552734
0.008938312530517578
0.0060253143310546875
0.008935928344726562
0.012965202331542969
0.014961719512939453
0.023932933807373047
0.01894974708557129
0.008976936340332031
0.003027200698852539
0.002991914749145508
0.0029938220977783203
0.009971380233764648
0.01592230796813965
0.00498652458190918
0.02097916603088379
0.003987312316894531
0.017954587936401367
0.0040242671966552734
0.027909278869628906
0.02193474769592285
0.007979393005371094
0.010934591293334961
0.03194403648376465
0.004992961883544922
0.027889013290405273
0.023972272872924805
0.005983114242553711
0.053858280181884766
0.0039522647857666016
0.0020296573638916016
0.00794363021850586
0.012966394424438477
0.030916690826416016
0.00598454475402832
0.017952442169189453
0.011968612670898438
0.0009953975677490234
0.001993894577026367
0.0009975433349609375
0.012001991271972656
0.0
0.0049533843994140625
0.04093813896179199
0.001982450485229492
0.00598454475402832
0.006946563720703125
0.000997304916381836
0.0069811344146728516
0.007978439331054688
0.010969161987304688
0.018985986709594727
0.009971141815185547
0.006985664367675781
0.004987239837646484
0.009934663772583008
0.004032135009765625
0.012961149215698242
0.018948078155517578
0.003989696502685547
0.007977485656738281
0.00698089599609375
0.006981372833251953
0.0009958744049072266
0.0019958019256591797
0.0
0.01990985870361328
0.01994633674621582
0.003991127014160156
0.0069806575775146484
0.001994609832763672
0.005983829498291016
0.04288506507873535
0.01296544075012207
0.00797724723815918
0.003989458084106445
0.01897430419921875
0.028935670852661133
0.0019974708557128906
0.00797581672668457
0.015958786010742188
0.001994609832763672
0.004984140396118164
0.00598597526550293
0.0
0.02094292640686035
0.0
0.02692890167236328
0.010022640228271484
0.01196432113647461
0.016918659210205078
0.009013175964355469
0.012968301773071289
0.0020067691802978516
0.0019404888153076172
0.0
0.007033348083496094
0.008975744247436523
0.004987478256225586
0.005984306335449219
0.0059871673583984375
0.02100682258605957
0.010970830917358398
0.004968404769897461
0.0050048828125
0.0009913444519042969
0.03485536575317383
0.000997781753540039
0.011968135833740234
0.016958951950073242
0.03789377212524414
0.09375119209289551
0.010970830917358398
0.0
0.006982326507568359
0.010970830917358398
0.023934364318847656
0.014522790908813477
0.00399017333984375
0.007978677749633789
0.0019943714141845703
0.01299738883972168
0.006985187530517578
0.0
0.008976936340332031
0.0029916763305664062
0.003996133804321289
0.0019996166229248047
0.020931482315063477
0.0009980201721191406
0.0009980201721191406
0.007982492446899414
0.0009942054748535156
0.01953434944152832
0.010963678359985352
0.003994464874267578
0.04587674140930176
0.006941080093383789
0.005042314529418945
0.007977008819580078
0.007980108261108398
