0.0
0.0009992122650146484
0.0
0.0
0.0
0.0
0.0
0.0
0.0
0.0009963512420654297
0.0
0.0
0.0
0.0
0.0009975433349609375
0.0
0.0
0.0
0.0
0.0
0.0
0.0
0.0009968280792236328
0.0
0.0
0.0
0.0010008811950683594
0.0
0.0
0.0
0.0010349750518798828
0.0
0.0
0.0
0.0
0.0
0.0009591579437255859
0.0
0.0
0.0
0.0
0.0
0.0
0.0
0.0010228157043457031
0.0
0.0
0.0
0.0
0.0
0.0
0.0
0.0
0.0
0.0009961128234863281
0.0
0.0
0.0
0.0
0.0
0.0
0.0
0.0
0.0
0.0
0.0010378360748291016
0.0
0.0
0.0
0.0
0.0
0.0
0.0
0.0
0.0
0.0
0.0
0.0
0.0
0.0
0.0
0.0
0.0
0.0
0.0
0.0
0.0
0.0
0.0
0.0
0.0010340213775634766
0.0
0.0
0.0
0.0
0.0
0.0
0.0
0.0
0.0
0.0
0.0
0.0
0.0
0.0
0.0
0.0
0.0
0.0
0.0009598731994628906
0.0
0.0
0.0
0.0
0.0009982585906982422
0.0
0.0
0.0009980201721191406
0.0
0.0009953975677490234
0.0
0.0
0.0009996891021728516
0.0
0.0
0.0
0.0
0.0
0.0
0.0
0.0
0.0
0.0
0.0
0.0
0.0010342597961425781
0.0
0.0
0.0
0.0
0.0
0.0
0.0
0.0
0.0
0.0
0.0
0.0
0.0009968280792236328
0.0
0.0
0.0
0.0
0.0009586811065673828
0.0
0.0
0.0
0.0
0.0
0.0
0.0
0.0
0.0
0.0
0.0
0.0
0.0
0.0
0.0
0.0
0.0
0.0
0.000997304916381836
0.0
0.0
0.0009987354278564453
0.0
0.0
0.0
0.0
0.0
0.0
0.0
0.0
0.0
0.0
0.0
0.0010340213775634766
0.0
0.0
0.0
0.0
0.0
0.0
0.0
0.0
0.0
0.0
0.0
0.0
0.0009634494781494141
0.0
0.0
0.0
0.0
0.0
0.0
0.0
0.0
0.0
0.0010485649108886719
0.0
0.0
0.0
0.0
0.0
0.0
0.0
0.0
0.0
0.0
0.00099945068359375
0.0
0.0
0.0
0.0
0.0
0.0
0.0
0.0009565353393554688
0.0
0.0
0.0
0.0
0.0
0.0
0.0
0.0009911060333251953
0.0
0.0
0.0
0.0
0.0
0.0009877681732177734
0.0
0.0
0.0
0.0
0.0
0.0
0.0
0.0
0.0
0.0
0.0
0.0009951591491699219
0.0
0.0
0.0
0.0
0.0
0.0
0.0
0.001020193099975586
0.0
0.0
0.0
0.0
0.0
0.0
0.0
0.0
0.0
0.0
0.0
0.0
0.0
0.0
0.0
0.0
0.0
0.0
0.0
0.0
0.0
0.0
0.0009987354278564453
0.0
0.0
0.0
0.0
0.0
0.0
0.0
0.0
0.0
0.0
0.0
0.0009968280792236328
0.0
0.0
0.0
0.0
0.0
0.0
0.0
0.0
0.0
0.0
0.0
0.001032114028930664
0.0
0.0
0.0
0.0
0.0
0.0
0.0
0.0
0.0
0.0010013580322265625
0.0
0.0
0.0
0.0
0.0
0.0
0.0
0.0
0.0
0.0
0.0
0.0
0.0
0.0
0.0009949207305908203
0.0
0.0
0.0
0.0
0.0
0.0
0.0
0.0
0.0
0.0009849071502685547
0.0
0.0
0.0
0.0
0.0
0.0
0.0
0.0
0.0
0.000997304916381836
0.0
0.0
0.0
0.0
0.0
0.0
0.0
0.0
0.0
0.0
0.0
0.0
0.0009968280792236328
0.0
0.0
0.0
0.0
0.0
0.0
0.0
0.0
0.0
0.0
0.0
0.0
0.0
0.0009906291961669922
0.0
0.0
0.0
0.0
0.0
0.0
0.0
0.0
0.0
0.000997781753540039
0.0
0.0
0.0
0.0
0.0
0.0
0.0
0.0
0.0
0.0
0.0010340213775634766
0.0
0.0
0.0
0.0
0.0
0.0
0.0
0.0
0.0
0.0
0.0009961128234863281
0.0
0.0
0.0
0.0
0.0
0.0
0.0
0.0
0.0
0.0
0.0
0.0
0.0
0.0
0.0
0.0009644031524658203
0.0
0.0
0.0
0.0
0.0
0.0
0.0009968280792236328
0.0
0.000997781753540039
0.0
0.0
0.0
0.0
0.0010044574737548828
0.0
0.0009927749633789062
0.0
0.0
0.0
0.0
0.000997781753540039
0.0
0.0
0.0
0.0
0.0
0.0
0.0
0.0
0.0
0.0
0.0
0.0
0.0009965896606445312
0.0
0.0
0.0
0.0009975433349609375
0.0
0.0
0.0
0.0
0.0
0.0
0.0
0.0
0.0
0.0
0.0
0.0
0.0
0.0
0.0
0.0
0.0
0.001051187515258789
0.0
0.0
0.0
0.0
0.0
0.0
0.0009980201721191406
0.0
0.0
0.0
0.0
0.0
0.0
0.0
0.0
0.0
0.0
0.0
0.0
0.0
0.0
0.0
0.0
0.0
0.0
0.0
0.0
0.0
0.0
0.0
0.0
0.0
0.0009987354278564453
0.0
0.0
0.0009970664978027344
0.0
0.0
0.0009965896606445312
0.0
0.0
0.0
0.0
0.0
0.0
0.0
0.0
0.0
0.0
0.0
0.0
0.0
0.0010533332824707031
0.0
0.0
0.0
0.0
0.0
0.0
0.0
0.0
0.0
0.0
0.0
0.0
0.0
0.0
0.0
0.0
0.0
0.000997304916381836
0.0
0.0
0.0
0.0
0.0
0.0
0.0
0.0
0.0
0.0
0.000995635986328125
0.0
0.0
0.0
0.0
0.0009980201721191406
0.0
0.000997304916381836
0.0
0.0
0.0
0.0010554790496826172
0.0
0.0
0.0
0.0
0.0
0.0
0.0
0.0
0.0010037422180175781
0.0
0.0
0.0
0.0
0.0
0.0
0.0
0.0
0.0
0.0
0.0009868144989013672
0.0
0.0
0.0
0.0
0.000942230224609375
0.0
0.0
0.0
0.0
0.0
0.0
0.0009980201721191406
0.0
0.0
0.0
0.0
0.0
0.0
0.0
0.0
0.0
0.0
0.0
0.0
0.0010540485382080078
0.0
0.0009398460388183594
0.0
0.0
0.0
0.0
0.0
0.0
0.0
0.0
0.0
0.0
0.0
0.001070261001586914
0.0
0.0
0.0
0.0
0.0009391307830810547
0.0
0.0
0.0
0.0
0.0
0.0
0.0
0.0
0.0010068416595458984
0.0
0.0009882450103759766
0.0
0.0
0.0
0.0
0.0010006427764892578
0.0
0.0
0.0
0.0
0.0
0.0
0.0
0.0
0.0
0.0009961128234863281
0.0
0.0
0.0
0.00099945068359375
0.0
0.0
0.0
0.0
0.0
0.0009856224060058594
0.0
0.0
0.0
0.0
0.0
0.0
0.0
0.0
0.0
0.000997304916381836
0.0
0.0
0.0
0.0
0.0
0.0
0.0
0.0
0.0
0.0
0.0
0.0
0.0
0.0
0.0
0.0
0.0
0.0
0.0
0.0
0.0
0.0
0.0
0.0
0.0
0.0
0.0
0.0
0.0
0.0
0.0009646415710449219
0.0
0.0
0.0
0.0
0.0009953975677490234
0.0
0.0
0.0
0.0
0.0
0.0010304450988769531
0.0
0.0
0.0009648799896240234
0.0
0.0
0.0
0.0
0.0010290145874023438
0.0
0.0
0.0
0.0
0.0
0.0010128021240234375
0.0
0.0
0.0009503364562988281
0.0
0.0
0.0
0.0
0.0
0.0
0.0
0.0
0.0009968280792236328
0.0
0.0
0.0
0.0
0.0
0.0
0.0
0.0010097026824951172
0.0
0.0
0.0
0.0
0.0
0.0010187625885009766
0.0
0.0
0.0
0.0
0.0
0.0009627342224121094
0.0
0.0
0.0
0.0
0.0
0.0
0.0
0.0
0.0
0.0010340213775634766
0.0
0.0
0.0
0.0
0.0
0.0
0.0
0.0
0.0
0.0
0.0
0.0
0.0
0.0
0.0
0.0
0.0010535717010498047
0.0
0.0
0.0
0.0
0.0
0.0
0.0
0.0
0.0
0.0
0.0
0.0009980201721191406
0.0
0.0
0.0
0.0
0.0
0.0
0.0
0.0
0.0
0.0
0.0
0.0009393692016601562
0.0
0.0
0.0
0.0
0.0
0.0
0.0
0.0
0.0
0.0009965896606445312
0.0
0.0
0.0
0.0
0.0
0.0
0.0
0.0
0.0009980201721191406
0.0
0.0
0.0
0.0
0.0009961128234863281
0.0
0.0
0.0
0.0
0.0
0.0
0.0
0.0
0.0
0.0
0.0010042190551757812
0.0
0.0
0.0
0.0
0.0
0.0
0.0
0.0009908676147460938
0.0
0.0
0.0
0.0
0.0
0.0
0.0
0.0
0.0
0.0
0.0
0.0
0.0010526180267333984
0.0
0.0
0.0
0.0
0.0
0.0
0.0010006427764892578
0.0
0.0
0.0
0.000993490219116211
0.0
0.0
0.0
0.0
0.0
0.0
0.0
0.0
0.0
0.0
0.0
0.0
0.0
0.0
0.0
0.0
0.0
0.0
0.0
0.0
0.0016171932220458984
5.53131103515625e-05
0.0
0.0
0.0
0.0
0.0
0.0
0.0
0.0
0.0
0.0
0.0
0.0
0.0
0.0
0.000997781753540039
0.0
0.0
0.0
0.0
0.0
0.0
0.0
0.0
0.0010144710540771484
0.0
0.0
0.0
0.0
0.0
0.0
0.0
0.0
0.0
0.0
0.0010063648223876953
0.0
0.0
0.0
0.0
0.0
0.0
0.0
0.0
0.0
0.0
0.0
0.0
0.0010464191436767578
0.0
0.0
0.0
0.0
0.0
0.0
0.0
0.0
0.0
0.0
0.0
0.0
0.0
0.0
0.0
0.0
0.0
0.0
0.0
0.0
0.0
0.0
0.0009968280792236328
0.0
0.0
0.0
0.0
0.0
0.0
0.0
0.0009987354278564453
0.0
0.0
0.0
Average time: 0.00016383862495422362 Seconds             Total time: 0.16383862495422363 Seconds
