0.0009968280792236328
0.0029909610748291016
0.0019943714141845703
0.0
0.0
0.0
0.000997304916381836
0.004990577697753906
0.0
0.005037546157836914
0.0
0.002938985824584961
0.0
0.0010013580322265625
0.009970426559448242
0.004985332489013672
0.0
0.0029921531677246094
0.0
0.000997304916381836
0.001995086669921875
0.00698089599609375
0.0
0.0
0.0069811344146728516
0.004029273986816406
0.0
0.005010843276977539
0.0
0.0009908676147460938
0.005977630615234375
0.0
0.003976345062255859
0.0009920597076416016
0.0020313262939453125
0.007979393005371094
0.0009958744049072266
0.002005338668823242
0.0009517669677734375
0.0
0.0010373592376708984
0.0029878616333007812
0.0019960403442382812
0.000995635986328125
0.0009980201721191406
0.0019986629486083984
0.0
0.0009953975677490234
0.0009913444519042969
0.0029582977294921875
0.0
0.0
0.0009987354278564453
0.000997304916381836
0.0029921531677246094
0.007017612457275391
0.001001119613647461
0.0029897689819335938
0.0019614696502685547
0.0
0.00501704216003418
0.0029935836791992188
0.0
0.0009980201721191406
0.0019974708557128906
0.0019919872283935547
0.0009975433349609375
0.0009963512420654297
0.0
0.0009598731994628906
0.001035928726196289
0.0009953975677490234
0.0019958019256591797
0.001995563507080078
0.0009958744049072266
0.0020143985748291016
0.0019376277923583984
0.0020513534545898438
0.002991914749145508
0.001975536346435547
0.0009958744049072266
0.0
0.0009622573852539062
0.0
0.004046201705932617
0.0019960403442382812
0.0
0.0009953975677490234
0.0009980201721191406
0.003931522369384766
0.000997304916381836
0.0030410289764404297
0.0
0.000995635986328125
0.0029754638671875
0.000995635986328125
0.0
0.0
0.001957416534423828
0.0
0.006983518600463867
0.0
0.0009968280792236328
0.001995563507080078
0.0
0.004990100860595703
0.0019903182983398438
0.004003763198852539
0.002978801727294922
0.0019948482513427734
0.0
0.0059773921966552734
0.0019936561584472656
0.0010373592376708984
0.0019540786743164062
0.0
0.0
0.0
0.0020313262939453125
0.005951881408691406
0.0009958744049072266
0.0019931793212890625
0.0
0.008975744247436523
0.0019943714141845703
0.013969182968139648
0.0010132789611816406
0.0029697418212890625
0.001994609832763672
0.0019943714141845703
0.0
0.003991127014160156
0.022973060607910156
0.0019936561584472656
0.0
0.002995014190673828
0.001997232437133789
0.001012563705444336
0.0009775161743164062
0.0
0.001018524169921875
0.002991199493408203
0.0009403228759765625
0.0
0.001993417739868164
0.000997781753540039
0.0009970664978027344
0.0009992122650146484
0.00402522087097168
0.001957416534423828
0.003988981246948242
0.0019958019256591797
0.0
0.0009970664978027344
0.005988597869873047
0.009974956512451172
0.003990888595581055
0.0029883384704589844
0.0019922256469726562
0.000995635986328125
0.001993894577026367
0.005987644195556641
0.0029888153076171875
0.003988742828369141
0.0019958019256591797
0.0019936561584472656
0.0
0.0029921531677246094
0.0
0.005021572113037109
0.0
0.0009999275207519531
0.0019659996032714844
0.002070188522338867
0.001959085464477539
0.0009508132934570312
0.00299072265625
0.003997087478637695
0.0010058879852294922
0.0
0.0019829273223876953
0.000993967056274414
0.0030279159545898438
0.0029938220977783203
0.004956722259521484
0.00397944450378418
0.0009970664978027344
0.0009975433349609375
0.0
0.0019948482513427734
0.0009968280792236328
0.0009975433349609375
0.001994609832763672
0.0009980201721191406
0.0
0.0009968280792236328
0.001994609832763672
0.0
0.002991914749145508
0.001994609832763672
0.000997304916381836
0.007979631423950195
0.001990079879760742
0.0069811344146728516
0.0
0.0
0.003988981246948242
0.0
0.001993894577026367
0.00698089599609375
0.001995563507080078
0.0019948482513427734
0.004985809326171875
0.0019948482513427734
0.004986763000488281
0.0
0.0
0.0019941329956054688
0.0009980201721191406
0.002992391586303711
0.0009970664978027344
0.000997304916381836
0.0029921531677246094
0.004987001419067383
0.0009984970092773438
0.001992940902709961
0.000997781753540039
0.0
0.0
0.000997304916381836
0.0
0.0009989738464355469
0.0
0.004001617431640625
0.002977609634399414
0.0
0.004987001419067383
0.0019943714141845703
0.002992391586303711
0.0019943714141845703
0.002992391586303711
0.0019943714141845703
0.00551295280456543
0.0009951591491699219
0.002991914749145508
0.001994609832763672
0.004994392395019531
0.004022121429443359
0.0
0.001992464065551758
0.0
0.0009989738464355469
0.002992391586303711
0.002992391586303711
0.001001596450805664
0.003983974456787109
0.0019941329956054688
0.0
0.0009984970092773438
0.0
0.0
0.0009961128234863281
0.00498652458190918
0.00099945068359375
0.0
0.005982160568237305
0.0
0.0009975433349609375
0.0009970664978027344
0.0009975433349609375
0.002991914749145508
0.0009975433349609375
0.0
0.0029916763305664062
0.0
0.016953468322753906
0.004990816116333008
0.00398564338684082
0.0029914379119873047
0.0009980201721191406
0.0019943714141845703
0.0
0.0
0.001995086669921875
0.0009965896606445312
0.0
0.0
0.0019953250885009766
0.0009970664978027344
0.01247715950012207
0.0
0.004986286163330078
0.000997781753540039
0.0
0.0009970664978027344
0.001994609832763672
0.0009970664978027344
0.0019948482513427734
0.0
0.002992868423461914
0.0009961128234863281
0.0009980201721191406
0.0019948482513427734
0.000997304916381836
0.0009970664978027344
0.0
0.0019996166229248047
0.0049817562103271484
0.0029916763305664062
0.000997781753540039
0.0010004043579101562
0.0019910335540771484
0.0019989013671875
0.0
0.0019910335540771484
0.0009970664978027344
0.004986286163330078
0.0
0.000997304916381836
0.0
0.0029931068420410156
0.0019943714141845703
0.003989458084106445
0.0009975433349609375
0.00299072265625
0.0050199031829833984
0.0009696483612060547
0.0020287036895751953
0.0019915103912353516
0.0009615421295166016
0.0
0.002029895782470703
0.003966808319091797
0.0
0.0010211467742919922
0.0029549598693847656
0.0019943714141845703
0.0009970664978027344
0.000997304916381836
0.000997304916381836
0.0
0.000997781753540039
0.0
0.000997781753540039
0.0009989738464355469
0.0
0.0009953975677490234
0.00498652458190918
0.0
0.0009970664978027344
0.0
0.0010294914245605469
0.001993894577026367
0.001995563507080078
0.0
0.0019617080688476562
0.004989147186279297
0.004976749420166016
0.000997304916381836
0.0009963512420654297
0.002991199493408203
0.0009984970092773438
0.004027605056762695
0.0
0.0019919872283935547
0.004987478256225586
0.0
0.0029935836791992188
0.001957416534423828
0.000997304916381836
0.0
0.004025936126708984
0.0
0.0
0.0019752979278564453
0.000978708267211914
0.004026889801025391
0.0
0.0019941329956054688
0.0
0.0
0.0010008811950683594
0.0009949207305908203
0.0039522647857666016
0.005988121032714844
0.00797414779663086
0.0
0.0
0.002035856246948242
0.003984928131103516
0.0059850215911865234
0.0010030269622802734
0.000990152359008789
0.0
0.0009980201721191406
0.0009982585906982422
0.0009593963623046875
0.0
0.0020318031311035156
0.0009958744049072266
0.0
0.0009620189666748047
0.001033782958984375
0.0039522647857666016
0.0010290145874023438
0.0
0.003958463668823242
0.001996278762817383
0.001994609832763672
0.0009975433349609375
0.0009965896606445312
0.0020356178283691406
0.0009551048278808594
0.0030379295349121094
0.0
0.0039825439453125
0.0
0.001992464065551758
0.003991603851318359
0.003988027572631836
0.0009961128234863281
0.0
0.0
0.0009980201721191406
0.0029914379119873047
0.0009608268737792969
0.0010328292846679688
0.0009608268737792969
0.000997781753540039
0.0020303726196289062
0.0
0.0009641647338867188
0.0010330677032470703
0.001957416534423828
0.002003192901611328
0.0
0.0070095062255859375
0.0
0.0009961128234863281
0.0029554367065429688
0.0
0.0020325183868408203
0.0009961128234863281
0.0
0.000997781753540039
0.0010023117065429688
0.0
0.0019528865814208984
0.001999378204345703
0.004042148590087891
0.001996278762817383
0.0
0.003927707672119141
0.0010530948638916016
0.0009980201721191406
0.004985332489013672
0.0
0.0019409656524658203
0.0029938220977783203
0.000997304916381836
0.004044532775878906
0.0
0.0
0.000995635986328125
0.0029914379119873047
0.0010008811950683594
0.001993417739868164
0.0009958744049072266
0.0019390583038330078
0.001997709274291992
0.0010521411895751953
0.0019366741180419922
0.0029914379119873047
0.001995086669921875
0.0
0.002991914749145508
0.004987239837646484
0.0010111331939697266
0.004973888397216797
0.0019931793212890625
0.002994537353515625
0.005053281784057617
0.0019626617431640625
0.0
0.0009953975677490234
0.001958608627319336
0.0030298233032226562
0.0
0.0029540061950683594
0.001995086669921875
0.0009968280792236328
0.0
0.003989219665527344
0.0009975433349609375
0.0009975433349609375
0.0
0.001996278762817383
0.0
0.0
0.0
0.003987550735473633
0.005986452102661133
0.001992940902709961
0.0060405731201171875
0.0
0.001980304718017578
0.0009555816650390625
0.0020308494567871094
0.001007080078125
0.003987789154052734
0.0009996891021728516
0.0009856224060058594
0.0
0.0009980201721191406
0.0
0.000640869140625
0.0010154247283935547
0.0
0.001999378204345703
0.0
0.0009925365447998047
0.0009984970092773438
0.007978439331054688
0.0
0.0009965896606445312
0.0009603500366210938
0.0020494461059570312
0.0
0.0029981136322021484
0.0009391307830810547
0.0019931793212890625
0.0009975433349609375
0.015017271041870117
0.005937814712524414
0.008965492248535156
0.000997304916381836
0.004985809326171875
0.007978677749633789
0.001994609832763672
0.002992868423461914
0.0009965896606445312
0.005984067916870117
0.0009992122650146484
0.000995635986328125
0.0029916763305664062
0.0019948482513427734
0.0009975433349609375
0.00498652458190918
0.004986286163330078
0.0069866180419921875
0.0
0.0009975433349609375
0.0
0.003052234649658203
0.002930879592895508
0.0
0.0
0.001997709274291992
0.001992464065551758
0.0010323524475097656
0.0029554367065429688
0.0009975433349609375
0.0019948482513427734
0.0
0.0009980201721191406
0.0009963512420654297
0.000997304916381836
0.0020008087158203125
0.003020763397216797
0.004987478256225586
0.001993894577026367
0.000997781753540039
0.0
0.0019605159759521484
0.001995563507080078
0.0
0.001995086669921875
0.003954410552978516
0.0009961128234863281
0.002993345260620117
0.0009963512420654297
0.0010378360748291016
0.0019953250885009766
0.0010178089141845703
0.0009355545043945312
0.0
0.002991199493408203
0.0
0.0
0.0019943714141845703
0.0069806575775146484
0.00701594352722168
0.0059490203857421875
0.003994464874267578
0.0009922981262207031
0.0
0.0029916763305664062
0.00299072265625
0.0
0.001994609832763672
0.004047393798828125
0.0009996891021728516
0.0009965896606445312
0.001992940902709961
0.0
0.0009984970092773438
0.0009953975677490234
0.0009410381317138672
0.0
0.000997781753540039
0.0019953250885009766
0.0009980201721191406
0.0030279159545898438
0.0
0.000995635986328125
0.0
0.002991914749145508
0.0010004043579101562
0.003987550735473633
0.0009999275207519531
0.0010066032409667969
0.0019459724426269531
0.0010356903076171875
0.0
0.0009958744049072266
0.0
0.0020334720611572266
0.0009992122650146484
0.0009930133819580078
0.0010006427764892578
0.0019922256469726562
0.0
0.0
0.004949331283569336
0.0009996891021728516
0.0
0.0
0.0020313262939453125
0.0
0.002008199691772461
0.0009865760803222656
0.0
0.000993967056274414
0.0019936561584472656
0.0
0.0010058879852294922
0.002985715866088867
0.0009589195251464844
0.0
0.0010254383087158203
0.0009937286376953125
0.002991199493408203
0.0009975433349609375
0.001994609832763672
0.005983591079711914
0.0019953250885009766
0.0019948482513427734
0.0069806575775146484
0.0019948482513427734
0.008976936340332031
0.0
0.000997304916381836
0.0
0.001993894577026367
0.004024028778076172
0.0
0.001991748809814453
0.0
0.001997709274291992
0.0009937286376953125
0.0020062923431396484
0.0039520263671875
0.0030171871185302734
0.003961801528930664
0.0
0.0010328292846679688
0.0020155906677246094
0.0
0.005927562713623047
0.0
0.0019943714141845703
0.005994558334350586
0.0020401477813720703
0.0
0.0
0.0009965896606445312
0.0009427070617675781
0.0009930133819580078
0.0
0.0010519027709960938
0.0009999275207519531
0.000993490219116211
0.0019936561584472656
0.0
0.0019989013671875
0.0019910335540771484
0.0019960403442382812
0.0
0.0
0.005984067916870117
0.0019958019256591797
0.003991365432739258
0.0009968280792236328
0.003989458084106445
0.0
0.0049893856048583984
0.006975412368774414
0.0009975433349609375
0.0009970664978027344
0.000997304916381836
0.0009975433349609375
0.000997304916381836
0.000997304916381836
0.0029926300048828125
0.0
0.0009965896606445312
0.000997304916381836
0.002035379409790039
0.0019545555114746094
0.0020363330841064453
0.003983736038208008
0.0009627342224121094
0.0069806575775146484
0.0009975433349609375
0.005984067916870117
0.0020308494567871094
0.0029549598693847656
0.0009970664978027344
0.001996278762817383
0.010970354080200195
0.0009970664978027344
0.0009992122650146484
0.013961076736450195
0.000997304916381836
0.0
0.001995086669921875
0.0
0.0009968280792236328
0.0019943714141845703
0.000997304916381836
0.001994609832763672
0.002991914749145508
0.001995563507080078
0.0019960403442382812
0.0009965896606445312
0.0020067691802978516
0.009960174560546875
0.0019941329956054688
0.0039904117584228516
0.0
0.000997304916381836
0.00103759765625
0.002986431121826172
0.0010001659393310547
0.0
0.0009980201721191406
0.0019555091857910156
0.001033782958984375
0.003991842269897461
0.0
0.006975889205932617
0.00400090217590332
0.0009522438049316406
0.0020308494567871094
0.0009958744049072266
0.0009624958038330078
0.002031564712524414
0.005016803741455078
0.0009946823120117188
0.0009331703186035156
0.0010333061218261719
0.0
0.0009996891021728516
0.0
0.004987001419067383
0.001991748809814453
0.0
0.0019583702087402344
0.000997304916381836
0.0039899349212646484
0.0020029544830322266
0.0020227432250976562
0.0009975433349609375
0.0
0.0
0.0019965171813964844
0.0
0.0
0.000997781753540039
0.0
0.000995635986328125
0.0019931793212890625
0.0
0.001959085464477539
0.0030333995819091797
0.0009911060333251953
0.001001119613647461
0.0
0.0009987354278564453
0.0009937286376953125
0.0
0.0
0.0009601116180419922
0.0
0.002035856246948242
0.001953125
0.0030295848846435547
0.00495147705078125
0.0
0.002032041549682617
0.0009586811065673828
0.0019941329956054688
0.0
0.0010349750518798828
0.0
0.003985166549682617
0.005009174346923828
0.0029726028442382812
0.0019578933715820312
0.0
0.0020334720611572266
0.006979703903198242
0.0
0.0009598731994628906
0.0
0.0
0.0010380744934082031
0.0
0.0
0.0009949207305908203
0.0009942054748535156
0.004991769790649414
0.0
0.0019872188568115234
0.0009641647338867188
0.0
0.0
0.0
0.0
0.002032041549682617
0.0029935836791992188
0.0
0.001994609832763672
0.0
0.0
0.002954244613647461
0.001001596450805664
0.0010309219360351562
0.0009579658508300781
0.0009968280792236328
0.0010344982147216797
0.0019936561584472656
0.0
0.003998279571533203
0.003948211669921875
0.006990909576416016
0.0019822120666503906
0.003995180130004883
0.001993894577026367
0.0029854774475097656
0.0
0.0009970664978027344
0.001996278762817383
0.0029916763305664062
0.000997781753540039
0.0
0.003989696502685547
0.0009970664978027344
0.0029916763305664062
0.0
0.0
0.0009975433349609375
0.005983829498291016
0.0
0.0019965171813964844
0.004985332489013672
0.004990100860595703
0.0
0.0009927749633789062
0.001993894577026367
0.0
0.000997304916381836
0.0
0.0019943714141845703
0.000997781753540039
0.0009970664978027344
0.0
0.000997304916381836
0.0
0.0009982585906982422
0.0010089874267578125
0.0
0.0009906291961669922
0.0019936561584472656
0.011969327926635742
0.001033782958984375
0.0029973983764648438
0.0009548664093017578
0.002031564712524414
0.0
0.0009610652923583984
0.007977962493896484
0.0070226192474365234
0.005980730056762695
0.0009992122650146484
0.003000497817993164
0.0029447078704833984
0.0019943714141845703
0.0
0.0010325908660888672
0.0020139217376708984
0.0019805431365966797
0.002990245819091797
0.0009951591491699219
0.003952980041503906
0.0029969215393066406
0.0011017322540283203
0.0009279251098632812
0.0009987354278564453
0.0
0.0029480457305908203
0.0010366439819335938
0.000995635986328125
0.0009958744049072266
0.0009620189666748047
0.005986213684082031
0.0009975433349609375
0.001992940902709961
0.0010306835174560547
0.0010006427764892578
0.0010001659393310547
0.00199127197265625
0.0
0.002994060516357422
0.0009596347808837891
0.005022287368774414
0.0029959678649902344
0.00793910026550293
0.002032756805419922
0.001992940902709961
0.0
0.0009958744049072266
0.0039899349212646484
0.003989219665527344
0.0
0.001959085464477539
0.0010378360748291016
0.0009567737579345703
0.0020296573638916016
0.0
0.002958059310913086
0.003988027572631836
0.001003265380859375
0.0030226707458496094
0.000995635986328125
0.0
0.0
0.0010025501251220703
0.0
0.0009937286376953125
0.002958059310913086
0.0030281543731689453
0.004985332489013672
0.0010023117065429688
0.0
0.0
0.0009913444519042969
0.0
0.002992391586303711
0.0009996891021728516
0.0019941329956054688
0.0
0.0019915103912353516
0.001998424530029297
0.0019943714141845703
0.005026102066040039
0.003954648971557617
0.007017374038696289
0.0
0.0020313262939453125
0.0009999275207519531
0.0009987354278564453
0.0
0.0009946823120117188
0.0
0.0009982585906982422
0.003950357437133789
0.003988981246948242
0.0029916763305664062
0.003989219665527344
0.0
0.0
0.008976936340332031
0.0029909610748291016
0.000997304916381836
0.0
0.0019953250885009766
0.003991603851318359
0.0
0.0
Average time: 0.0019743685722351076 Seconds             Total time: 1.9743685722351074 Seconds
